52
50
48
45
18
16
20
20
22
22
18
20
11
11
11
11
32
32
32
32
-9.92184380123004e-26
-2.22099999900782e-16
2.22100006776264e-16
-2.22099993223736e-16
0
-2.22099132638262e-16
-1.73508748278678e-06
-2.22100013552527e-16
2.221e-16
-2.22099996611868e-16
2.221e-16
-2.22099996611868e-16
-2.221e-16
-2.22099996611868e-16
0
-2.221e-16
-2.22099996611868e-16
-2.22099996611868e-16
0
-2.221e-16
2.221e-16
-2.221e-16
2.221e-16
-2.22099999999764e-16
0.770609661251188
2.2210000006474e-16
2.22100000097116e-16
2.221e-16
51.9601557549304
49.9960763525693
47.9788994971853
45.0503410663478
18.0000017350875
16.000000578735
19.268744419646
19.7667756848664
21.7371529609365
21.7199616015304
17.5109071529839
19.3880848544261
22.0024045134728
22.0025056662346
22.0025054993262
22.0025059963908
22.0025059962086
22.0025054990837
22.0025056661785
22.0024046251406
-2.22100000000368e-16
1
6.77626355476301e-24
2.22100006776264e-16
-2.221e-16
-4.33680868983947e-22
2.221e-16
2.221e-16
3.38813178901598e-24
-2.22099996611868e-16
2.22100003388132e-16
-2.22099996611868e-16
2.22100003388132e-16
-2.221e-16
3.38813180203341e-24
2.22100003388132e-16
2.221e-16
-2.221e-16
2.221e-16
-2.221e-16
-2.221e-16
3.38813178901598e-24
0
-2.22100000000001e-16
0.773396951659929
-2.221e-16
-8.44054195737524e-26
2.221e-16
51.9209476934453
49.9912332222381
47.9593484071048
45.0994161046311
17.4851897678185
15.0426665417331
18.5907001939218
19.5388683107687
21.4799445994654
21.4463334751636
17.0514682545466
18.8133703225738
22.0023047644871
22.0025057795268
22.0025050876933
22.0025071388188
22.0025071383584
22.0025050872066
22.0025057793675
22.0023048710796
-1.37903249480741e-27
1
2.221e-16
2.221e-16
2.22100013552527e-16
2.221e-16
-2.22100054210109e-16
-1.35525271560639e-23
2.22100006776264e-16
3.38813180203341e-24
0
2.22100003388132e-16
6.77626355476301e-24
2.221e-16
-2.221e-16
3.38813178901598e-24
2.221e-16
-2.221e-16
0
3.38813180203341e-24
3.38813180203341e-24
-2.22099996611868e-16
2.221e-16
2.221e-16
0.773846349373595
0
-2.22099999999998e-16
-2.221e-16
51.8823479592787
49.9855409535939
47.9412532793433
45.1472760946949
16.8665216575418
14.3755356274298
17.9619480433729
19.3161444815835
21.2282411366587
21.1789553793796
16.6198458770176
18.2735508871097
22.0021866901824
22.0025059980739
22.0025044042336
22.0025090389787
22.0025090382868
22.0025044035066
22.0025059978035
22.0021868138685
2.221e-16
1
0
-2.22099993223736e-16
0
2.16840434491973e-22
-2.22100027105054e-16
0
3.38813178901598e-24
-2.22099996611868e-16
0
-2.221e-16
0
3.38813180203341e-24
2.221e-16
2.221e-16
-2.221e-16
2.22100003388132e-16
-2.221e-16
3.38813180203341e-24
3.38813178901598e-24
-2.221e-16
2.221e-16
-2.2210000005173e-16
0.7742675685035
-2.221e-16
-9.06416464278981e-26
2.221e-16
51.8443314196781
49.9790649269373
47.9245274073195
45.1939670817663
16.2545261140495
13.8545264298425
17.3788738170334
19.0984869573493
20.9819265089148
20.9176863521749
16.2143389614922
17.7664925923583
22.0020516182697
22.0025063391173
22.0025034513686
22.002511694342
22.0025116934175
22.0025034504025
22.0025063387187
22.0020517577675
2.221e-16
1
6.77626355476301e-24
2.22100006776264e-16
0
0
2.221e-16
-2.221e-16
0
2.22100006776264e-16
0
0
6.77626355476301e-24
-2.22099996611868e-16
2.22100003388132e-16
3.38813180203341e-24
-2.22099996611868e-16
-2.22099996611868e-16
3.38813180203341e-24
2.22100003388132e-16
-2.221e-16
3.38813180203341e-24
2.221e-16
0
0.774662430684082
2.221e-16
-9.39343271247172e-26
-2.221e-16
51.8068741217553
49.9718666222909
47.9090884614657
45.2395338195122
15.6762752327239
13.4471766842579
16.8381173861998
18.885776365127
20.7408819152476
20.6623828637554
15.8333397180136
17.2901785293368
22.0019007953135
22.002506819367
22.002502231168
22.0025151021073
22.0025151009492
22.0025022299644
22.0025068188242
22.0019009494532
-2.221e-16
1
2.221e-16
0
1.35525271588298e-23
2.16840434497023e-22
-2.22100027105054e-16
2.22099998305934e-16
2.22100006776264e-16
3.38813180203341e-24
3.38813178901598e-24
-2.22099996611868e-16
2.221e-16
-2.22099996611868e-16
3.38813180203341e-24
-2.221e-16
-2.221e-16
0
2.221e-16
2.221e-16
2.221e-16
3.38813178901598e-24
2.221e-16
2.22099999925651e-16
0.775032638040016
2.221e-16
-2.22100000096e-16
0
51.769953641981
49.9640034312723
47.8948589984051
45.2840187872913
15.14641542794
13.1283614774668
16.3365713556117
18.67789630952
20.5049913149691
20.412904936385
15.4753419626791
16.8427192393622
22.0017353492188
22.0025074545923
22.0025007456818
22.0025192596985
22.002519258306
22.0025007442424
22.0025074538903
22.001735516931
2.22100000004008e-16
1
2.221e-16
6.77626357803196e-24
-2.221e-16
2.22100108420217e-16
-2.221e-16
0
0
2.22100003388132e-16
-2.22099996611868e-16
2.221e-16
0
2.221e-16
0
2.221e-16
-2.22099996611868e-16
0
0
-2.221e-16
3.38813180203341e-24
2.221e-16
2.221e-16
0
0.775379598662514
2.221e-16
2.22099999915673e-16
-2.221e-16
51.7335496527494
49.9555296013502
47.8817667853369
45.3274629387942
14.6717789894289
12.8800294736012
15.8718604035914
18.474893677968
20.2742919156215
20.169276443564
15.1393534790514
16.422762999446
22.0015563150441
22.0025082596079
22.002498996958
22.0025241646678
22.0025241630402
22.0024989952839
22.0025082587325
22.0015564953367
-2.22100000099959e-16
1
-2.221e-16
2.221e-16
-2.221e-16
-2.22099891579783e-16
0
-2.22099999576483e-16
-2.22099993223736e-16
2.22100003388132e-16
-2.22099996611868e-16
0
2.221e-16
-2.221e-16
2.22100003388132e-16
2.221e-16
-2.221e-16
2.22100003388132e-16
2.221e-16
0
0
0
2.221e-16
2.22099999900767e-16
0.775704629744527
-2.221e-16
2.22099999900074e-16
-2.221e-16
51.6976424098245
49.9464954978016
47.8697429376695
45.369904830636
14.253876157616
12.6865815152217
15.44127523204
18.276653801075
20.0486694534766
19.9313601601941
14.8240195726979
16.0286169710337
22.0013646603554
22.0025092482764
22.0024969870312
22.0025298145547
22.0025298126914
22.002496985124
22.0025092472142
22.0013648523202
2.22099999927606e-16
1
2.221e-16
-2.22099993223736e-16
1.35525271588298e-23
2.221e-16
2.221e-16
2.22100001694066e-16
-2.22099993223736e-16
0
2.221e-16
-2.22099996611868e-16
-2.221e-16
2.22100006776264e-16
0
-2.221e-16
-2.221e-16
-2.221e-16
0
3.38813178901598e-24
-2.22099996611868e-16
2.221e-16
2.221e-16
2.22099999900135e-16
0.77600912748118
2.221e-16
-2.22099999904366e-16
2.221e-16
51.6622134763775
49.936948955613
47.8587228382816
45.4113818440008
13.8908412048541
12.535936116161
15.0423165384822
18.0830650921675
19.8280125571885
19.6990225461279
14.5280742796557
15.6586991953089
22.0011612489665
22.0025104337137
22.0024947179082
22.0025362083303
22.0025362062325
22.0024947157694
22.0025104324523
22.0011614517699
1
2.221e-16
0
-2.221e-16
-2.22099986447473e-16
0.252614611773113
2.221e-16
2.22100006776264e-16
-2.22099993223736e-16
3.38813178901598e-24
2.22100003388132e-16
2.221e-16
0
6.77626355476301e-24
2.221e-16
3.38813178901598e-24
0
-2.22099996611868e-16
-2.221e-16
-2.221e-16
3.38813180203341e-24
0
-2.221e-16
-2.22100000030833e-16
0.776294405439925
2.221e-16
9.97872560287713e-26
0.661042585011585
51.2145599216622
49.407659966773
47.2614348482104
44.7473853882269
13.4672480341351
11.8978461595757
14.6726669457077
17.8940174608851
19.612211057944
19.4721318288917
14.250327672524
15.31152272862
22.0009468591832
22.0025118282974
22.0024921208546
22.0025495481221
22.0025495558841
22.0024921184192
22.0025118268248
22.000947072039
1
2.221e-16
0
0.392203595322436
0
0.309386087729361
0
0
0
-2.22099999322374e-16
-2.221e-16
0
2.221e-16
-2.221e-16
0
6.77626357803391e-25
0
-2.221e-16
-2.221e-16
2.221e-16
2.221e-16
2.221e-16
2.221e-16
-2.22100000089782e-16
0.771891715832678
2.221e-16
2.2210000008106e-16
0.0419995273593733
47.5228939845261
44.6077964046776
46.8945005561778
44.6906139122706
11.1026010876334
9.57300714335873
13.1937173252821
17.0130591300274
18.6023139826221
18.41491060403
13.0974961572542
13.8704941990998
22.0006415832685
22.0025132844276
22.0024889621675
22.0025360372208
22.0025360294631
22.0024889615771
22.0025132841213
22.0006416478093
2.22099999978593e-16
2.221e-16
2.221e-16
0.00875180117099688
0
0.137943873686317
2.221e-16
-2.22099997289495e-16
0
2.221e-16
-2.221e-16
-2.221e-16
2.221e-16
2.221e-16
-6.77626357803391e-25
2.221e-16
0
2.221e-16
0
2.22099999322374e-16
0
2.221e-16
-2.221e-16
-2.22099999901017e-16
0.77208953860623
2.221e-16
-2.22100000001823e-16
-1.71066952487505e-26
47.3608111587778
44.991248198829
46.5396402101474
44.8620561263137
11.1307836582981
9.59672472851143
12.194775243379
16.2345228536422
17.7023770336433
17.4797928027065
12.2675178492992
12.8305697125633
22.0002872368308
22.0025149550113
22.0024847191269
22.0025163799706
22.0025163779202
22.0024847183314
22.0025149546593
22.0002873092589
2.221e-16
0
-2.22099994578989e-16
-2.221e-16
2.22099994578989e-16
0.0111865539921835
-2.221e-16
2.221e-16
0
0
0
-2.221e-16
-2.22099997289495e-16
-2.221e-16
2.221e-16
2.221e-16
-2.221e-16
0
0
2.221e-16
2.221e-16
2.221e-16
2.221e-16
-2.2210000001911e-16
0.772231536442195
-2.221e-16
-2.73220855139861e-31
-2.22099999999999e-16
47.2089603229343
45.2601562145513
46.2763557401849
44.9888134460078
11.1579881342977
9.61627894868673
11.5345910406057
15.5507762511604
16.9044264245018
16.6569507822135
11.6819956123259
12.0921071680368
21.9998978571059
22.0025168676255
22.0024796714572
22.0025314198052
22.0025314229147
22.0024796705127
22.0025168672231
21.9998979351105
2.22099999999999e-16
2.221e-16
0
2.2192236431606e-16
-2.22099994578989e-16
0
-2.221e-16
-2.221e-16
0
-2.221e-16
0
2.221e-16
2.221e-16
-2.221e-16
2.221e-16
0
0
2.22099999322374e-16
0
0
-2.221e-16
-2.22100000677626e-16
-2.221e-16
9.90580034257011e-26
0.772330756649195
2.221e-16
2.22100000000705e-16
-1.78903469724566e-27
47.0712913269605
45.4505398276927
46.0814009818957
45.0821945519827
11.189900193607
9.63784890494851
11.1166134602865
14.9550092967556
16.2012972198087
15.9376240235324
11.2837667796386
11.5824752226818
21.9994836986427
22.0025190415148
22.0024737016753
22.0025754317682
22.0025754392017
22.00247370056
22.0025190410587
21.9994837804697
-3.70926859904144e-29
0
2.22099994578989e-16
2.2227763568394e-16
0
2.2227763568394e-16
-2.22100001355253e-16
2.221e-16
-2.71050543121357e-24
2.221e-16
-1.35525273067412e-24
-2.221e-16
-2.71050541204444e-24
2.221e-16
2.221e-16
2.221e-16
0
0
0
2.221e-16
0
-2.221e-16
2.221e-16
-7.30152292978302e-26
0.772396631303816
0
-2.22100000000042e-16
-2.22100000000859e-16
46.9475700165779
45.5854990421274
45.9372815236583
45.1509392589101
11.2307388181276
9.66513470292774
10.8746492180852
14.4411167930069
15.5865242215416
15.3139726797665
11.0310157622935
11.2485758406768
21.9990525424186
22.0025214894931
22.0024666831768
22.0026441184074
22.0026441295252
22.0024666818675
22.002521488981
21.9990526267326
0
2.221e-16
0
-2.2192236431606e-16
-2.22099989157978e-16
0
2.22099998644747e-16
-2.221e-16
-2.221e-16
2.221e-16
2.221e-16
-1.35525273067412e-24
2.221e-16
-2.221e-16
-2.22099999322374e-16
0
0
2.22099999322374e-16
2.22099999322374e-16
0
-2.221e-16
-2.221e-16
-2.221e-16
-2.22100000076293e-16
0.77243586334543
-2.221e-16
2.22099999999724e-16
2.22099999999003e-16
46.8364229856949
45.6805943027881
45.8308759469639
45.2016259122972
11.2837644372945
9.7008048712601
10.7633034970336
14.0036101857252
15.05426008801
14.7789668758363
10.8931286575096
11.0515768687865
21.9986103453685
22.0025242194625
22.0024584845073
22.0027341248835
22.0027341391765
22.0024584829797
22.0025242188928
21.9986104311352
-2.22100000004277e-16
-2.221e-16
-2.221e-16
-2.221e-16
-1.08420217248543e-23
6.93889390390673e-22
-1.35525273067412e-24
2.221e-16
-2.22100002710505e-16
-2.22100001355253e-16
-2.221e-16
-2.22099998644747e-16
-2.221e-16
2.71050541204444e-24
-2.221e-16
-2.221e-16
-2.221e-16
-2.221e-16
2.22099999322374e-16
2.221e-16
-2.221e-16
2.221e-16
-2.221e-16
-2.22100000046236e-16
0.772453144020342
2.221e-16
1.12683849930164e-27
-2.2209999999762e-16
46.7349453916771
45.7484138472444
45.753123222349
45.2388654528901
11.3518606306589
9.74713752739775
10.7513518902364
13.6375289883372
14.5991911890144
14.3262757292712
10.8476158397639
10.9630006924704
21.9981617537237
22.0025272355525
22.0024489909681
22.0028417794427
22.0028417961855
22.0024489892015
22.0025272349244
21.9981618401281
5.43136125984795e-26
2.221e-16
0
2.221e-16
2.221e-16
2.221e-16
2.221e-16
-2.221e-16
0
0
-2.22099998644747e-16
2.221e-16
2.221e-16
-2.221e-16
2.221e-16
0
2.221e-16
0
2.221e-16
0
6.77626357803391e-25
-2.221e-16
2.221e-16
-2.22100000067965e-16
0.772451660016253
2.221e-16
2.2210000002456e-16
2.22099999999773e-16
46.6424064223196
45.7958484973497
45.697348047717
45.2664774247887
11.4373412539181
9.80624121303911
10.8171846843392
13.33839238793
14.2164956208856
13.9502061528283
10.8778724781924
10.9618979679335
21.9977104567886
22.0025305390497
22.0024381301155
22.0029624427391
22.0029624611171
22.0024381280972
22.0025305383626
21.997710543177
-2.22100000000132e-16
0
0
-2.221e-16
2.16840434442669e-23
2.221e-16
-2.221e-16
-2.221e-16
2.22099997289495e-16
-2.221e-16
2.221e-16
2.221e-16
2.221e-16
-2.221e-16
0
-2.221e-16
2.22100000677626e-16
-2.221e-16
-2.221e-16
-2.221e-16
6.77626340685159e-25
0
-2.221e-16
-8.54905819320312e-26
0.772433449577033
2.221e-16
0
-2.22099999979742e-16
46.5596018675929
45.8260119372278
45.6560698694667
45.2876606389474
11.5412617927143
9.87993441166395
10.9456236466946
13.1020999501539
13.9017451252608
13.6455795061726
10.971463441399
11.0326596554026
21.9972595117131
22.0025341289066
22.0024258571379
22.003092973521
22.0030929932686
22.0024258548606
22.0025341281608
21.9972595975533
-2.22099999999606e-16
-2.221e-16
0
2.2192236431606e-16
0
2.22100086736174e-16
0
-2.221e-16
2.221e-16
2.221e-16
-2.221e-16
0
2.71050541204444e-24
0
6.77626340685159e-25
2.221e-16
-2.221e-16
2.221e-16
0
2.221e-16
-2.221e-16
0
2.221e-16
2.22100000003304e-16
0.772399649329957
-2.221e-16
0
-2.22099999999717e-16
46.4847646476711
45.8435733234432
45.6252076510886
45.3040566808931
11.6647804309723
9.97014044436528
11.1260361255508
12.9248598817447
13.6508318002002
13.4076399464477
11.1190667106806
11.1636361258438
21.9968114304779
22.00253800211
22.002412130943
22.0032320726228
22.0032320935248
22.0024121283998
22.0025380013056
21.9968115153258
-2.22099999960977e-16
-2.221e-16
0
-2.22094448884877e-16
-4.33680868885339e-23
0
2.221e-16
0
0
-2.22099998644747e-16
-2.221e-16
-2.221e-16
2.221e-16
2.221e-16
0
-2.221e-16
0
-2.221e-16
-2.221e-16
0
2.221e-16
0
2.221e-16
-6.5945403332918e-31
0.77235065457235
0
0
-7.01033923791636e-28
46.4164566996305
45.8522363852685
45.6018343895257
45.3168548269301
11.8088960532504
10.0788238320789
11.3507582239304
12.8031769194379
13.4599623322443
13.2320389736117
11.3135568919945
11.3460156975685
21.9963683426421
22.0025421542156
22.002396961246
22.003378182107
22.0033782038704
22.0023969584396
22.0025421533534
21.9963684261231
2.221e-16
0
2.22100010842022e-16
0
-2.221e-16
0
-2.221e-16
-2.221e-16
-2.221e-16
2.22099998644747e-16
-2.22100001355253e-16
2.22100001355253e-16
2.221e-16
2.221e-16
2.221e-16
2.221e-16
0
2.221e-16
6.77626340685159e-25
-2.22100000677626e-16
2.221e-16
-2.221e-16
0
-2.22100000091934e-16
0.772286216552307
2.221e-16
-2.221e-16
-2.22100000001194e-16
46.3520991649237
45.8612409076318
45.5841398071067
45.3269347539092
11.9759499684932
10.2086446265683
11.6141137899414
12.7337944979275
13.3255998188053
13.114762598648
11.549368141708
11.5730056639379
21.995932109462
22.0025465798109
22.0023804340904
22.0035259426605
22.0035259637765
22.0023804310374
22.0025465788919
21.995932191257
2.221e-16
2.221e-16
2.221e-16
0
-2.221e-16
2.221e-16
2.221e-16
2.221e-16
-2.71050541204444e-24
-2.221e-16
-2.221e-16
1.35525271560678e-24
-2.22100002710505e-16
0
0
2.221e-16
2.221e-16
0
0
0
-2.221e-16
2.221e-16
2.221e-16
-2.22099999911208e-16
0.772205492508264
2.221e-16
-2.2210000000008e-16
-9.34307134621136e-29
46.2939105231263
45.8626172579143
45.5706871118643
45.3349693942458
12.1644801291192
10.3607373308652
11.9117414351479
12.7136535015022
13.2444227115908
13.0520789350926
11.8220346240497
11.8392469153806
21.9955043595922
22.0025512724254
22.0023626266231
22.0036716959941
22.0036717165786
22.0023626233383
22.0025512714508
21.9955044394216
0
0
2.221e-16
2.221e-16
-4.33680868885339e-23
0
2.22100000677626e-16
2.221e-16
0
0
0
-2.22100001355253e-16
-2.221e-16
2.221e-16
2.221e-16
2.221e-16
-2.221e-16
2.221e-16
-2.221e-16
-2.221e-16
2.221e-16
2.221e-16
2.221e-16
-2.22100000098671e-16
0.772107091466411
-2.221e-16
2.221e-16
2.22100000000113e-16
46.2408038597445
45.8583778149815
45.560098500765
45.3414475780419
12.3750248287613
10.5367886678183
12.2401876486245
12.7398585308674
13.2132898412385
13.0404939868851
12.1278929455389
12.1404249222622
21.9950864781589
22.0025562242071
22.0023435083555
22.0038169746897
22.0038169949733
22.0023435048333
22.0025562231782
21.9950865557673
0
2.221e-16
2.221e-16
0
2.221e-16
2.22099913263826e-16
2.221e-16
-2.221e-16
2.221e-16
0
-2.22100001355253e-16
-2.22099998644747e-16
2.221e-16
-2.22099997289495e-16
-2.221e-16
2.221e-16
0
-2.221e-16
-2.221e-16
-2.221e-16
0
0
0
2.22099999906158e-16
0.771989069954145
-2.221e-16
9.38338993453658e-26
7.70717104400929e-28
46.1919360568039
45.8500298942368
45.5514027891785
45.3467144093337
12.6081209953659
10.7382918074763
12.5965414842606
12.8096497896657
13.2292146066519
13.0767170802873
12.4638035424219
12.4729262667444
21.9946797102032
22.0025614263867
22.0023230548771
22.0039628838475
22.0039629039943
22.0023230511131
22.0025614253048
21.9946797853631
2.221e-16
-2.221e-16
2.221e-16
0
2.221e-16
0
2.221e-16
0
0
-2.221e-16
2.22100001355253e-16
0
2.22100001355253e-16
1.35525271560678e-24
0
0
2.221e-16
0
0
-2.221e-16
-2.221e-16
-2.221e-16
-2.221e-16
6.686547735215e-26
0.771848922008522
2.221e-16
2.2209999990148e-16
-2.22099999999934e-16
46.1466450944387
45.8387095101766
45.5439166221147
45.3510150396567
12.864337682055
10.966502624398
12.9783673912739
12.9203821471501
13.2893395908904
13.1576299478216
12.8270791111382
12.8337179065048
21.9942851173448
22.0025668696294
22.0023012494793
22.0041101963779
22.0041102165011
22.0023012454703
22.0025668684962
21.9942851898497
0
-2.221e-16
2.221e-16
2.22100043368087e-16
2.221e-16
-2.221e-16
0
0
2.221e-16
-2.221e-16
2.221e-16
0
-2.221e-16
-1.35525273067412e-24
-2.221e-16
2.221e-16
2.221e-16
-2.221e-16
2.221e-16
2.221e-16
2.221e-16
0
2.221e-16
-2.22099999904392e-16
0.771751873942089
-2.221e-16
-2.22099999900216e-16
2.22099999999943e-16
46.1044183289058
45.8252547667361
45.537175611209
45.354521081535
13.1442783281427
11.2224293640461
15.9926219864989
13.0694730006173
14.1454211314007
13.2802643826406
13.2150239804228
13.2198539248124
21.9939021811394
22.0025725764143
22.0022780870639
22.0042595208852
22.0042595410385
22.0022780828088
22.0025725752248
21.9939022511242
-2.221e-16
0
0
-2.221e-16
2.221e-16
0
-2.22100000084703e-16
-2.22100001355253e-16
2.22099999661187e-16
2.221e-16
2.22099999322374e-16
-2.22099998644747e-16
1.35525271560678e-24
2.221e-16
2.221e-16
-2.221e-16
0
0
0
-6.77626340685159e-25
0
0
-2.221e-16
-2.221e-16
0.771900863340553
2.221e-16
2.22099999971982e-16
2.22100000000103e-16
46.0648419338456
45.8103089945317
45.530854301228
45.357357705689
13.4485916930616
11.506814734453
24.9409605813683
13.2543901612644
16.9098293418577
13.4418200117467
13.6253556943876
13.6288679685408
21.9935228733626
22.0025787234665
22.0022535795774
22.004411683414
22.0044117035306
22.0022535750768
22.0025787221847
21.993522942355
0
2.221e-16
-2.221e-16
-2.221e-16
0
-2.221e-16
-2.221e-16
2.221e-16
-2.221e-16
-2.22100001355253e-16
2.221e-16
-2.221e-16
2.22100001355253e-16
2.221e-16
-2.221e-16
2.221e-16
0
-2.221e-16
-2.22099999322374e-16
0
-6.77626340685159e-25
-2.221e-16
-2.221e-16
0
0.772546430923574
2.221e-16
9.91229366269779e-26
-2.22100000000441e-16
46.0275868965633
45.7943524733171
45.5247372295781
45.359614657729
13.7779404057279
11.8201613707138
37.9074415600181
13.472636358887
21.3718455963899
13.6396300850507
14.0558051949378
14.0583571927613
21.9931241138507
22.0025858566699
22.0022277651853
22.0045683914957
22.0045684112685
22.0022277604414
22.0025858551853
21.9931241862354
-2.221e-16
2.221e-16
2.221e-16
2.221e-16
2.22099913263826e-16
2.221e-16
0
-2.22099999322374e-16
0
0
3.38813194994483e-25
2.221e-16
0
-2.221e-16
-2.22100000677626e-16
0
2.221e-16
-2.221e-16
0
-2.221e-16
2.221e-16
6.77626340685159e-25
2.221e-16
2.221e-16
0.774339050335717
0
2.22099999955905e-16
-4.81205152184817e-29
45.9923875175325
45.7777467264218
45.5186842619595
45.3613579743064
14.1329703358836
12.162757461511
53.5540264114385
13.7217046822745
27.3344140068062
13.8712215228445
14.5041585681155
14.5060094566784
21.9926381013445
22.0025957802974
22.0022007351838
22.0047347767566
22.004734795139
22.0022007301967
22.0025957782436
21.9926381899431
0
2.221e-16
2.16840434442669e-23
-2.22100043368087e-16
1.73472347603439e-22
-2.221e-16
-2.22099998644747e-16
2.22099999322374e-16
2.221e-16
2.22100000169407e-16
0
-2.221e-16
1.35525273067412e-24
-2.221e-16
-6.77626340685159e-25
-2.221e-16
0
-2.221e-16
2.221e-16
2.221e-16
2.221e-16
2.22100000677626e-16
0
0.012023366434064
0.884
0
-2.22099999999574e-16
-1.07916171834234e-27
45.9590267731367
45.7607636227888
45.5126079697271
45.362637483568
14.5142724118534
12.5347109252746
69.8185714174463
43.1033703425689
34.5312754288981
18.5354083625516
15.1190339753695
15.2042172852816
16.8155494864195
19.4703437130134
21.1429651136852
21.7670612542577
21.7671967926668
21.1433341247003
19.4709766092705
16.8160058782516
-2.221e-16
0
2.221e-16
-2.22100043368087e-16
-2.221e-16
2.221e-16
0
-2.22100000338813e-16
-1.69406589450848e-25
2.221e-16
-2.221e-16
0
-2.221e-16
-2.221e-16
0
0
-2.22099999322374e-16
2.221e-16
0
2.221e-16
-2.22099999661187e-16
0
0.0803095236241051
0.0803095236241055
0.884
2.22100000099947e-16
-2.22100000000001e-16
2.22100000000029e-16
45.9273267143803
45.7436078683204
45.5064572784378
45.3634919822427
14.9223465532522
12.9359824815288
72.6086779820879
71.8567907605491
41.5805367020525
38.9315397129747
16.5241922826207
25.715139837001
25.1245756570361
24.5141857497014
23.8835825835817
23.2328226905318
23.2308911238558
23.8817106372765
24.5123736632458
25.1228223261874
-2.221e-16
2.221e-16
0
2.221e-16
-2.22100173472348e-16
2.221e-16
-1.35525271560678e-24
-4.2351647362712e-26
1.69406589450848e-25
2.22099999830593e-16
-2.22099999957648e-16
-2.221e-16
0
-2.22099999830593e-16
-1.69406597497241e-25
2.221e-16
0
-2.22100000169407e-16
-2.221e-16
-2.22100000169407e-16
0
-2.22100000169407e-16
0.126811299701465
0.126811299701465
0.884
2.221e-16
3.5321734268463e-31
-2.34333015094275e-28
45.8971397216287
45.7264330013008
45.5002060194389
45.3639527748505
15.3575703094761
13.3664150378772
68.3108100587786
68.1695036560093
48.0437897824474
46.8862491396316
22.8519772339516
38.8292199262307
38.5592611997123
38.2807552357988
37.9932939542474
37.6963767804278
37.6945798211009
37.9915516275727
38.2790649318412
38.5576206564654
0
-2.221e-16
2.221e-16
2.221e-16
-2.22100173472348e-16
2.221e-16
0
0
-2.221e-16
-2.221e-16
2.221e-16
-2.221e-16
-2.221e-16
-8.47032987486207e-26
2.221e-16
2.221e-16
0
-2.22099999915297e-16
2.221e-16
0
8.47032987486207e-26
0
0.0551801676463095
0.0551801676463095
0.884
5.97156278340852e-30
9.22583273248123e-26
-5.12759588393658e-30
45.8683285697637
45.7093534717911
45.4938445742514
45.3640460678453
15.8201769951272
13.8257546093723
89.7628681659771
88.5841517040142
57.8063223305239
54.9270761988724
22.1397024914915
39.7491625573293
39.4013198192177
39.0503012513103
38.6961953690122
38.3392639282319
38.3382015313241
38.6951286302285
39.0492332490716
39.4002518287666
2.221e-16
0
0
0
-2.22099653055305e-16
0
2.22099997289495e-16
0
2.22100781980817e-16
2.221e-16
-2.22099999915297e-16
2.221e-16
-2.221e-16
0
0
2.221e-16
2.221e-16
-2.221e-16
0.00406403844957142
0
-2.221e-16
2.221e-16
0.412714469432952
0.412714469432952
0.884
1
-2.22100000000001e-16
2.22100000000686e-16
50.8049063492146
45.8944780855142
45.4930626340433
45.3639272695104
16.310243010861
14.3136624130192
30.2026717394941
31.6467376250993
55.0902237828195
57.4293486539827
40.6210158064731
65.5927090322985
64.8947336949743
64.1707921907883
63.4149906062766
8.87101898619201
7.99593596155043
63.3985994841673
64.1548111669318
64.879077158334
-2.221e-16
-2.221e-16
-1.08420217467854e-23
0
2.22099653055305e-16
2.221e-16
2.221e-16
-2.221e-16
0.00219150696098869
-2.221e-16
2.221e-16
-2.221e-16
-2.221e-16
-2.221e-16
2.22100000084703e-16
0
-2.22100000042352e-16
0
0.00720754606484187
0
8.47032947254239e-26
-2.221e-16
2.221e-16
0.647068746105221
0.56837185016013
1
2.22099999999645e-16
7.77532514758465e-29
62.9260067312729
47.503535157594
45.5995115380687
45.3724398696868
16.8276833491879
14.8297191350796
7.99780849303901
8.84816507541858
31.5303122904011
38.253350431128
50.1990056669552
64.7368017087001
58.9010441010024
47.3910441545608
28.0741356249217
8.70664103208873
7.99279245393516
27.5417922503457
47.092899822244
58.7493548688881
0
-2.221e-16
-2.221e-16
-2.221e-16
0
0
0
-2.22099998644747e-16
0.000843487964475102
-2.22100000338813e-16
2.221e-16
2.22100000338813e-16
2.221e-16
-2.221e-16
2.221e-16
8.47032987486207e-26
-2.22100000042352e-16
2.221e-16
2.22099999997353e-16
-2.22100000000001e-16
-2.221e-16
2.221e-16
2.221e-16
0.615450780318427
0.884
1
2.22100000000307e-16
4.31605522769046e-28
72.3517567563515
52.5307994875174
46.3309170836253
45.4544187903634
17.372253687431
15.3734261832812
7.99915651203553
8.55224233851712
32.6507547087097
34.3311108835025
38.3895222296022
48.0187441743311
34.6775832258864
21.9505416200292
13.7690740405394
17.9070000122515
17.6773411801617
13.332424235921
21.4697670482153
34.2292683079997
2.221e-16
0
0
-2.221e-16
-2.221e-16
7.10542735760071e-19
-2.221e-16
2.221e-16
0.00179798246926649
-2.22100000338813e-16
0.000433257723329095
0
-2.22100000042352e-16
0
2.221e-16
2.22099999915297e-16
0
-2.221e-16
2.221e-16
8.47032987486207e-26
-2.221e-16
2.221e-16
2.221e-16
0.792138450292099
0.658503683178997
1
0
-2.22099999999805e-16
78.878135242239
59.8784670627976
47.2839179930049
45.5836442734618
17.9435554359008
15.9441896804865
7.99820201753073
8.27492321761658
7.99956674227667
11.9001181729354
54.8433985111059
43.3992196944469
39.9089057583323
37.7460628268195
38.3764099774842
44.1600616113995
43.7644686848246
37.9753142285143
37.3703647552539
39.5733743292938
2.221e-16
2.221e-16
-2.221e-16
-2.221e-16
2.22100043368087e-16
2.221e-16
-0.494530690477556
2.221e-16
0.00247185094406874
0
0.00210999845258041
2.221e-16
0
2.22099999830593e-16
2.22100000169407e-16
2.221e-16
0
-2.221e-16
0
-2.221e-16
2.22099999830593e-16
-2.221e-16
-6.40949485492072e-31
0.817778210411645
0.836249557421053
1
-2.221e-16
2.221e-16
82.9007412551496
66.9507263377332
48.4761837297853
45.7688145278675
18.4945306904776
16.3312730861094
7.99752814905593
8.4331414780186
7.99789000154742
9.64366758188112
59.4382746144421
39.7508377915116
37.8013720941511
37.7806418262818
41.0985424695244
49.8580997435789
49.5620209479348
40.7637856230768
37.4419214851291
37.479074383641
1
0
2.221e-16
2.221e-16
2.221e-16
0
2.221e-16
2.221e-16
0
2.221e-16
0.00214155024058049
0
-2.221e-16
2.221e-16
-2.221e-16
-2.221e-16
2.221e-16
-2.221e-16
-2.221e-16
-2.221e-16
-2.221e-16
-2.221e-16
3.69359567194682e-78
1
0.762127113014147
1
0
9.97938627388526e-26
79.2299905851495
70.173454456053
49.9194013467542
46.0542788167718
16.9471828877254
14.9704224125135
23.7442418603308
23.928495690945
7.99785844975942
8.14137577660973
75.1566204899335
35.1684529674658
46.634735758469
56.8451348541594
65.0210329591811
70.1613934030449
69.6522861946824
64.7480787943322
56.7503572126015
46.6718377185575
1.53556705581928e-27
2.221e-16
2.221e-16
2.221e-16
-2.22100010842022e-16
0
-2.2352108547152e-16
2.22100005421011e-16
2.221e-16
2.221e-16
0.00270724672577008
-2.22100000338813e-16
-2.221e-16
-3.38813178901696e-25
0
-2.221e-16
0
-2.22099999957648e-16
-2.221e-16
0
2.221e-16
-2.221e-16
-7.88860905221012e-31
1
0.724343541123856
1
-2.221e-16
8.66226466348299e-26
84.5079929652654
71.8818071170048
51.3336408819518
46.4390229573938
17.4500730299647
15.2652852115139
32.3668848739268
32.5786505185701
7.99729275327423
9.34522705721733
78.9004202896125
44.4074917132328
54.5507668660204
63.2484692120691
69.7981602963865
73.3145979032008
72.7780238103804
69.474985284161
63.0907186732993
54.5194872798662
1.54646319707264e-27
0
-3.38813194994483e-25
-2.221e-16
-5.42101087339269e-24
2.221e-16
-5.81540674312106e-210
5.42101086242713e-24
-6.77626340685159e-25
2.221e-16
0.00296044521321047
0
-1.05878938546501e-26
0
-2.221e-16
-2.221e-16
2.221e-16
2.221e-16
-2.221e-16
2.22100000084703e-16
1.69406589450848e-25
2.221e-16
-2.22100000055707e-16
1
0.709552749947338
1
-2.221e-16
2.22100000030798e-16
89.1103361102721
74.4158414574869
52.7305877805562
46.9110344546818
17.867655838559
15.5851464627206
43.7662118476493
43.943171170185
7.99703955478679
9.35165713784926
80.160288794306
51.1344904631112
58.712128443953
65.5502433991772
71.1000735734731
74.6308713448721
74.1179676304575
70.7781613230128
65.3713336681398
58.6386917724751
8.91779519961155e-28
0
0
-2.221e-16
-2.22099994578989e-16
2.221e-16
-0.24925789647017
2.221e-16
0
0
0.00320969292755008
0
2.221e-16
0
2.221e-16
-2.22099999830593e-16
-2.221e-16
8.47032987486207e-26
0
-2.221e-16
0
2.221e-16
-2.22100000000004e-16
1
0.677010840554152
1
0
-9.9540645235566e-26
92.8497159246566
77.4692423550579
54.1748535556307
47.4643826811642
18.2492578964702
15.9109430380645
56.5359667776856
56.651850424627
7.99679030707245
9.11413132873865
81.0690401400918
56.6476568406618
62.6151868912821
68.2584553157572
73.160503226531
76.7387927745175
76.2530847481995
72.8509756974393
68.0776412819666
62.5269421899268
1
2.221e-16
-2.22099999915297e-16
-2.221e-16
2.22100002710505e-16
-2.22100021684043e-16
-2.221e-16
2.221e-16
-2.221e-16
-2.221e-16
0.00345244244181398
6.77626357803391e-25
-2.221e-16
0
2.221e-16
0
2.221e-16
-2.22100000084703e-16
0
-2.221e-16
0
2.221e-16
-2.22099850456356e-16
1
0.626418804356491
1
0
2.06674136169004e-26
88.5392274513675
81.1467235772354
55.7347168527841
48.0991437279777
16.7340122644153
14.6031488318906
70.2503441845663
70.2987674010522
7.99654755755819
8.95851381792203
82.2244847592308
62.3664355735682
66.7179390127502
71.1457093923155
75.4090357896718
79.1407850546686
78.7000522452867
75.1208126652325
70.9661719458842
66.6147340570817
-2.22099999999933e-16
2.221e-16
2.221e-16
-2.221e-16
2.221e-16
2.221e-16
-2.221e-16
2.22100005421011e-16
8.58552595391075e-22
0
0.00313012233099557
-2.221e-16
-2.221e-16
6.77626357803391e-25
2.221e-16
2.221e-16
1.69406589450848e-25
2.22099999830593e-16
2.221e-16
0
-2.221e-16
0
0.0875057364094393
1
0.579860372529013
1
0
-2.22099999999846e-16
94.5025299757091
82.0031675842128
57.2318232487618
48.8122932322522
17.280745790127
15.0870017948786
80.9376152154369
80.9510166527349
7.996869877669
8.95375640914072
82.0707495553343
67.7879973428078
70.3806237589439
73.2468911874958
76.3290054639056
79.5130504239303
79.0900769689328
76.0325073029405
73.0412414936465
70.2398079751641
2.06711139451851e-27
0
-0.0488643896445511
2.221e-16
2.221e-16
2.22099989157978e-16
1.42108547152009e-18
2.221e-16
-0.00377958294435785
-2.221e-16
-5.72515185666484e-31
2.221e-16
-2.221e-16
-2.221e-16
2.221e-16
-2.22100000338813e-16
2.221e-16
-2.22100000169407e-16
2.221e-16
2.221e-16
0
2.221e-16
0.265626920257281
0.718961742119
0.529093793835481
1
0
0
98.0488643896445
84.2658273055351
58.6879698225765
49.5900941489215
17.8023110626017
15.5565625430795
98.0037795829444
97.9192249680593
11.5634656219011
12.3568397076547
75.1275514868675
74.5615271538163
72.3272025731073
71.0652745986612
71.6394578055863
75.373799459895
75.2081953686025
71.3862483039864
70.7771843019741
72.036307163453
1
2.221e-16
2.221e-16
1.69406597497241e-25
-2.221e-16
-2.221e-16
2.221e-16
2.221e-16
-0.00679914799519132
1.35525273067412e-24
-2.22099749786466e-16
2.221e-16
0
0
0
0
2.221e-16
-2.22100000169407e-16
2.221e-16
0
-2.221e-16
2.221e-16
0.550062993049072
1
0.496277039636651
1
0
-4.62814832331852e-28
94.5602354968269
87.7461174683918
60.2467800329299
50.4328448712854
16.4021316596911
14.3053723816733
98.0067991479952
97.9369991887049
8.6762195544445
9.61692715649017
83.8473283066777
76.5972294461436
77.077491142876
78.0764245840158
79.9063600310671
83.0380966413776
82.7024847946493
79.6313592159705
77.853324776159
76.8979215754645
-2.2209999999907e-16
2.221e-16
-0.0202527381175317
-2.221e-16
2.22100001355253e-16
-5.42101087339269e-24
2.2352108547152e-16
2.22099997289495e-16
2.22100000000001e-16
0
-2.22100000000003e-16
-2.221e-16
-2.22100000169407e-16
0
0
-2.221e-16
2.221e-16
-2.22100000338813e-16
2.221e-16
-2.221e-16
0
2.221e-16
0.550113319133253
0.550113319133253
0.785450202975647
1
-2.22099999985954e-16
-7.2724691143983e-26
98.0202527381175
87.7135285234348
61.8087554668698
51.371786503229
17.0581239908329
14.9319370577111
93.686565140423
93.6496930524892
51.0529524827735
50.6831454325597
66.3832957388254
76.7658085540927
70.510738191032
65.5207179725929
63.8653096176508
69.0999654347335
69.3413959058628
63.7005028607757
65.1649563459157
70.0884063614834
2.22099999999992e-16
2.221e-16
-0.0548577951733948
0
2.221e-16
-2.221e-16
-2.221e-16
0
5.42101086242713e-24
2.22100005421011e-16
2.221e-16
-2.221e-16
-2.22099999830593e-16
0
2.22100000677626e-16
0
-2.22100000338813e-16
2.221e-16
0
0
0
0
0.478109419007049
0.478109419007049
0.884
1
0.455043704790839
2.221e-16
98.0548577951734
93.2171937560074
71.2129189710661
54.5507528346006
17.7057684977355
15.5543675797032
71.2783704002084
71.3050523526699
69.3469398849276
69.071601993348
40.9038653968492
68.3890994656237
59.148240369631
50.0154570504043
42.9171771149756
41.4680350754468
41.3950098784331
42.4721913600185
49.4342446936121
58.5567754416007
-2.22100000000002e-16
0
-0.0801957974458458
2.221e-16
-2.221e-16
-2.221e-16
-0.358875657456497
2.221e-16
-2.221e-16
0
2.2210069388939e-16
2.22099956631913e-16
2.221e-16
2.221e-16
2.221e-16
-2.221e-16
-2.221e-16
2.221e-16
-2.22100000338813e-16
2.221e-16
2.22099999322374e-16
0
0.104639506670139
0.104639506670139
0.884
0.967911846764432
0
-2.22100000002096e-16
98.0801957974458
91.3598239127237
71.6056490481835
55.9906626229907
18.3588756574565
16.2007257874812
93.5245924908088
93.3561743939533
86.8084387772109
86.2784656359553
59.7349735845919
79.771543321452
71.6669921710012
64.6622583254439
61.4268709523979
66.8607463978526
67.4022393788272
61.3333674081842
64.2788975496686
71.1842341579862
1
2.221e-16
-2.221e-16
-2.221e-16
0
0
-1.42108547152009e-18
-2.22100002710505e-16
-0.00920007518515297
-1.73472347603439e-22
-2.221e-16
-2.22099956631913e-16
2.221e-16
0
-2.221e-16
6.77626357803391e-25
0
-2.22100000338813e-16
-2.221e-16
0
6.77626340685159e-25
-2.221e-16
0.475409874846813
1
0.70046958756002
1
-2.22100000004568e-16
5.64528092260721e-26
95.5488505352359
92.3510238112076
72.2663957532145
57.5867311320553
17.0897611378298
15.042608236578
98.0092000751851
97.9059278865916
69.5842541746117
69.8706853166411
81.5124666886031
87.2275984231603
84.2131346935697
81.7624658115565
81.0475611214074
84.2123506234054
84.1471587041337
80.8048163105955
81.4614939218615
83.9152709912735
1
0
0
-2.221e-16
2.221e-16
-2.22100002710505e-16
2.221e-16
2.221e-16
-0.00406936607656695
2.22099989157978e-16
2.22099989157978e-16
-2.221e-16
-2.221e-16
0
2.22099998644747e-16
-2.22100000677626e-16
2.221e-16
0
2.221e-16
-2.221e-16
-2.221e-16
2.221e-16
0.550153334586419
0.550153334586419
0.791538637503699
1
0.0593670359383262
-2.22099999999533e-16
93.639656117266
92.3698331641801
74.5705005296098
60.0310916577351
15.9345559452873
14.0017453128039
98.0040693660766
97.9365486707153
79.0256463615584
78.9198712015473
71.3435082407777
87.4372979356109
81.0632850885276
74.920988898345
71.3081910951746
75.0371785063969
75.246492339454
71.0254947247631
74.4740217789603
80.6075002436398
-2.22099999993169e-16
-2.221e-16
-0.0622204833374529
0
-2.22099999661187e-16
-2.221e-16
1.06350985321045e-308
2.22100002710505e-16
-2.221e-16
2.22100001355253e-16
-2.22100001355253e-16
0
-2.22100000169407e-16
-2.22100000677626e-16
-6.77626340685159e-25
0
2.22099999661187e-16
0
2.22100000169407e-16
2.22100000338813e-16
0
-2.22099999322374e-16
0.550067822767943
0.550067822767943
0.846921924357329
1
0.367970911568055
-2.22100000099946e-16
98.0622204833375
91.6513623072401
83.4558308094501
68.3418587660841
16.7887113506482
14.793988783301
77.6443942606593
77.6296492121636
77.6443942606593
77.6075747143307
50.1716538134429
75.6839506552882
67.7885836932747
57.9259340031619
49.2799986142113
52.5135792866751
52.7308596324833
48.6732110763019
57.2358885559199
67.2362127640464
2.22099999999993e-16
-2.221e-16
-0.0222365129841295
-2.221e-16
-2.221e-16
0
-2.221e-16
0
-2.22100002710505e-16
2.71050541204444e-24
0
2.221e-16
2.221e-16
6.77626340685159e-25
6.77626340685159e-25
2.221e-16
-2.22099999661187e-16
2.221e-16
0
2.22100000338813e-16
0
6.77626340685159e-25
0.210739904344322
0.210739904344322
0.824055610006528
1
0.625
-2.22100000051729e-16
98.0222365129841
92.4662167381234
93.9065662569133
80.7032008738977
17.5794301348396
15.5169235271653
68.1564046671299
68.1220359584287
68.1564046671299
68.24066502592
26.8335841137628
65.3259055094897
56.7267468850083
44.4233935552521
30.8206053038001
28.1583666141839
28.1442101506923
30.0416656831766
43.6873016739037
56.2040023777065
-2.221000000558e-16
0
-0.10209164870147
2.221e-16
2.22099999915297e-16
-3.38813178901696e-25
-0.315552920302865
-2.71050543121357e-24
0
2.221e-16
0
0
0
-2.221e-16
0
-2.22100000677626e-16
2.221e-16
0
-2.221e-16
0
2.221e-16
-2.22100000677626e-16
0.0526067444521651
0.0526067444521648
0.884
0.906787335244432
2.22099999999997e-16
-2.221e-16
98.1020916487015
92.0760330871751
90.981468865525
81.5068167537056
18.3155529203029
16.2058808082436
92.6155387364948
92.3988022966702
84.6764514110061
84.09775952915
58.4999884851986
76.9980474321431
71.2233224415524
63.4357232701903
57.0627670026229
66.9593547195997
67.8898434029486
56.7793964110282
62.9902013238146
70.8771093846579
1
0
2.221e-16
-2.221e-16
1.3939636348e-303
0
0
2.221e-16
-0.000234950822012915
2.22100086736174e-16
-2.221e-16
-2.221e-16
0
2.221e-16
-2.221e-16
1.35525273067412e-24
6.77626357803391e-25
0
2.22099999661187e-16
0
0
0
0.460258978941579
0.460258978941579
0.780803623929865
1
2.221e-16
-2.221e-16
97.548298067836
91.7812374633695
89.5730465290032
81.8826952226913
17.1717610257878
15.1803543510795
98.000234950822
97.8850059342754
81.5622476724485
81.5780254070878
71.9642018537155
86.9536337164721
82.1790158879584
76.0022696177065
70.8627782689808
76.1264570399083
76.4362620864928
70.5082856926619
75.5888207439917
81.8620847302877
2.22099999999996e-16
0
-0.115295373649986
2.221e-16
2.221e-16
-3.38813194994483e-25
2.22100000000033e-16
0
-0.00472726935225466
-2.221e-16
2.22101159418698e-16
-2.22100043368087e-16
0
-2.221e-16
0
-2.221e-16
0
-2.22100000338813e-16
-2.22099999661187e-16
0
2.221e-16
2.22100001355253e-16
0.550003915847033
0.550003915847033
0.884
0.558380466413165
0.131088103029357
0
98.11529537365
91.8118745401907
90.1931177708812
83.8106404407022
17.9539412348285
15.8924398087259
98.0047272693522
97.9203945813248
95.1747240188158
94.830301644326
77.6884436393172
90.0360307254417
87.8755971060213
85.3861754850452
83.1954082097698
83.0158881938291
83.0200206949958
83.0540090851428
85.220326326682
87.7302622846677
1
0
0
0
6.61755691867276e-28
-2.221e-16
-2.2352108547152e-16
-2.22100002710505e-16
-0.00251546423897163
0
2.221e-16
-2.22100043368087e-16
-2.22100000338813e-16
2.221e-16
2.221e-16
1.35525273067412e-24
-2.22099999322374e-16
2.22100000338813e-16
-2.22099999661187e-16
-2.221e-16
1.35525271560678e-24
0
0.550078787822538
0.550078787822537
0.617932598418497
1
0.37732987082158
-2.22099999982027e-16
97.5405052771644
93.0905378814088
93.643855748937
88.2790638059039
16.8378779393745
14.8738047916273
98.002515464239
97.9301599961222
67.0158884584375
67.5727732803303
69.910409265649
87.8572273296971
83.3235356763634
77.9443498872122
72.857765478208
71.2469219952329
70.9913466619026
72.4214197247308
77.5224588021078
82.9803086555928
-3.1081218273321e-26
0
-0.0938594545581597
2.22100000169407e-16
-0.0190869620629417
0
-2.221e-16
0
-2.221e-16
0
2.221e-16
0
0
2.22099998644747e-16
-2.221e-16
1.35525273067412e-24
2.22100000677626e-16
2.221e-16
2.22099999322374e-16
2.221e-16
2.221e-16
2.221e-16
0.550041924403983
0.550041924403983
0.884
0.76910952429632
0.4806934526852
-2.221e-16
98.0938594545582
93.7991704933992
98.0190869620629
93.2252103862634
17.6538076301756
15.6266605685035
82.8466403642397
82.8257438459369
81.1152136746231
80.8528280096441
61.3078110686598
78.2786147734039
74.6902040651755
70.3268862997497
66.0026999345692
64.1449523153985
64.0297769282237
65.7114753244315
70.0296292348586
74.4445262124161
-2.22099999900193e-16
2.221e-16
-0.138168147541331
-2.22099999830593e-16
-2.94876153939548e-179
0
-0.42093354647446
2.221e-16
-0.00219597731288356
0
-2.22100010842022e-16
0
-2.221e-16
-2.221e-16
-2.221e-16
2.221e-16
2.221e-16
-2.221e-16
3.38813178901696e-25
-2.221e-16
-2.22099998644747e-16
-2.221e-16
0.297444006070661
0.297444006070662
0.884
0.681390628652184
0.014814443933346
2.22099999904322e-16
98.1381681475413
92.9754303780436
96.21203426877
93.2001773295546
18.4209335464745
16.3462772376813
98.0021959773129
97.8610925649225
93.8495109659944
93.4597359101227
76.9809917512419
87.0169969797012
84.5046795475646
81.8482813296136
80.4815889989886
84.3264920185896
84.6914936361757
80.4405270180438
81.6937294536028
84.3471633894343
1
0
2.221e-16
2.221e-16
0
2.221e-16
2.221e-16
-2.71050541204444e-24
-0.00176219842266671
-2.22100002710505e-16
2.221e-16
-2.221e-16
0
0
-2.22099999322374e-16
-2.22100000677626e-16
-2.221e-16
2.22100000338813e-16
2.22099999661187e-16
0
0
0
0.550036599621882
0.550036599621881
0.820569233273643
1
0.0992404542406686
-9.99991177331566e-26
97.0702136159393
92.5949631331342
94.5596077278281
93.0939008070718
17.2524603898671
15.2685746041952
98.0017621984227
97.9138324260611
91.8410403892516
91.7347409642175
80.1666601426135
90.4165124197497
86.8430657373357
82.3588606855283
79.1462673892286
85.1026019006977
85.4862078927064
78.9135239409986
82.0451731080314
86.5949841598902
2.2209999999983e-16
0
-0.159869935872778
-2.221e-16
-2.221e-16
2.221e-16
-0.0338771514289487
0
-0.00241952824506546
-2.71050541204444e-24
-0.00171669003599899
2.221e-16
0
2.221e-16
0
2.221e-16
2.221e-16
2.22100000338813e-16
-2.22100000338813e-16
-2.221e-16
6.77626357803391e-25
0
0.550029369973711
0.550029369973711
0.884
0.478376949080469
0.176215083938863
8.23373569824431e-29
98.1598699358728
92.5494043359798
94.1605478317159
93.6130463703473
18.0338771514289
15.977554466174
98.0024195282451
97.9259946018082
98.001716690036
97.7351319814582
83.2272646329634
91.4180213330008
90.4385775998679
89.042832104344
87.7057632713133
88.7619662554305
88.8210719753507
87.6156573480315
88.9512770274134
90.3749317414643
1
0
-5.31754926605224e-309
2.221e-16
-2.221e-16
2.221e-16
-1.4210854715201e-18
0
-0.00118184686335699
-2.22100001355253e-16
-2.22100001355253e-16
-2.221e-16
2.221e-16
0
-2.221e-16
2.221e-16
0
2.221e-16
-2.221e-16
-2.22100000677626e-16
0
2.221e-16
0.550040325470751
0.550040325470751
0.55350000227632
1
0.625
-2.221e-16
97.2603672913347
91.9901903012126
95.9932147649044
97.4617627032825
16.8471092015093
14.8787434867801
98.0011818468634
97.9200281890601
67.8832347218163
68.4982526105262
75.966883267852
88.5851843207832
86.1157319847293
82.3458610750189
77.9650984298281
77.3438971265904
77.1553894263283
77.6182726886147
82.0745225619881
85.9437113578653
3.08990902721629e-29
-2.221e-16
-0.117946563826471
-2.22100000169407e-16
-2.22100000169407e-16
-0.0100405075318627
2.221e-16
-2.71050541204444e-24
2.221e-16
2.221e-16
0
-2.221e-16
0
6.77626340685159e-25
2.221e-16
0
-2.221e-16
-2.221e-16
-2.221e-16
-2.22100000677626e-16
0
0
0.550019697447722
0.550019697447723
0.884
0.808456967667965
0.303734414556206
2.221e-16
98.1179465638265
92.7322953203008
95.6608767416562
98.0100405075319
17.6148321734408
15.5666557978818
88.7794672070406
88.7377336487828
83.1839325620869
82.8686999277659
75.5653118167303
81.9475066102801
80.3692478569043
78.1964255405195
76.4789904014739
79.8885819974117
80.0825696939502
76.3647999791892
78.0583155861557
80.2699235833744
-2.221e-16
0
-0.276209174935903
2.22099999830593e-16
2.221e-16
-0.106609525520133
-0.311522308285909
-2.71050541204444e-24
-0.00681497857751381
-2.22099998644747e-16
9.07711878491801e-66
-2.221e-16
2.221e-16
-2.221e-16
0
-2.221e-16
2.22100000338813e-16
0
-2.221e-16
2.221e-16
-2.22099999322374e-16
-2.22100000677626e-16
0.396324453450677
0.396324453450677
0.610549426530675
0.929986309117765
0.442395249062758
-9.84498409715823e-28
98.2762091749359
93.4957802539471
96.1215948823061
98.1066095255201
18.3115223082859
16.2018551850545
98.0068149785775
97.8690428917397
72.3225691811274
72.4530041604459
78.4163452779862
84.142037244925
82.505295451881
80.5805374689225
79.4685166789558
82.7644621456999
82.9217803305549
79.3770069881132
80.4504497217092
82.3987600121796
1
0
2.221e-16
0
-1.69406597497241e-25
2.221e-16
0
2.22099997289495e-16
-0.0224262533143249
-6.77626357803391e-25
-2.221e-16
-2.221e-16
2.221e-16
2.221e-16
-2.221e-16
3.38813194994483e-25
2.221e-16
-2.221e-16
-2.221e-16
-2.221e-16
0
-2.22100000338813e-16
0.550113582976292
1
0.334537871237479
1
0.625
0.693
94.6957867769078
93.4191879261721
95.8178740783852
96.6846567178359
17.0112200541366
15.0109027772863
98.0224262533143
97.9225442247076
47.9189734522888
48.7053015141386
93.5612705770174
86.1291936148921
86.3573312579589
86.960754977535
88.3150666650408
91.127351139144
91.0816043787118
88.2693058673588
86.9223258672846
86.3277488474856
1
0
-2.221e-16
-2.221e-16
0
-2.221e-16
2.221e-16
-2.71050543121357e-24
-2.221e-16
0
2.221e-16
2.22099999322374e-16
2.221e-16
-2.22099999661187e-16
-2.221e-16
-2.221e-16
2.221e-16
2.221e-16
3.38813194994483e-25
2.221e-16
-2.221e-16
0
0.550373770888572
0.550373770888572
0.884
1
0.625
-2.22099999999999e-16
94.9045402645996
93.5287906878793
97.2220270942138
93.5768937053862
15.7604851615217
13.8462256078864
77.4322675779011
77.5693411975835
66.4840947827482
66.2374472611085
65.8015041298836
75.1098170437343
75.181253855545
75.253052354183
75.3221382300207
63.3639949195305
62.76683876835
75.3239491150408
75.2550051608034
75.1831954519228
-2.22100000000141e-16
2.221e-16
2.22099999830593e-16
-2.221e-16
0
0
-2.2067891452848e-16
-2.221e-16
-2.22099999322374e-16
2.221e-16
-6.77626357803391e-25
0
-2.221e-16
0
0
2.221e-16
-2.221e-16
-2.221e-16
0
2.22099999661187e-16
2.221e-16
-2.221e-16
0.207204459631686
0.207204459631686
0.884
1
0.625
-7.39557098644699e-31
97.8551211843886
96.464795861887
96.9927969074526
92.7514952283316
16.5009731545726
14.4799559919702
71.1913009224754
71.1839481293758
71.1718577813853
70.9681797186615
51.9239940111059
65.3744406187281
65.4440888860025
65.5140551374818
65.5839423829136
55.85924267751
55.3654326669564
65.5862331698852
65.5163564736231
65.4463806476649
-2.221e-16
0
-0.754507838429891
-0.176836014773734
2.221e-16
2.221e-16
-1.42108547152009e-18
2.22100002710505e-16
2.221e-16
0
-2.22099999661187e-16
-2.221e-16
2.221e-16
2.221e-16
0
-2.22099999661187e-16
2.221e-16
-3.38813194994483e-25
-2.221e-16
2.221e-16
-2.221e-16
-2.221e-16
0.103188348707924
0.103188348707924
0.842254096884464
1
0.625
1.18186948082962e-30
98.7545078384299
98.1768360147737
96.9491248195828
92.9595583230629
17.1486901175426
15.04445387318
68.580296971967
68.4861374511898
68.580296971967
68.4362807253709
48.0287357888748
60.3195263107524
60.4131770896492
60.5074154397295
60.6021471242601
55.3499340122808
55.110289183518
60.6051559905108
60.5104127775395
60.4161585677134
-6.92915697623506e-28
-2.221e-16
-0.368186221402221
-0.378694659435363
-2.22099999915297e-16
-2.22099999957648e-16
-1.4210854715201e-18
-2.221e-16
-2.221e-16
2.221e-16
-2.221e-16
2.221e-16
-2.221e-16
2.22100000169407e-16
2.22100000169407e-16
-2.221e-16
-2.22099999830593e-16
-2.221e-16
-2.221e-16
-2.22099999830593e-16
-2.22100000169407e-16
2.221e-16
0.0596716161994508
0.0596716161994506
0.870446043659417
0.31452951921248
0.1965809495078
9.86076131526265e-32
98.3681862214022
98.3786946594354
96.3611252983739
93.0182346640058
17.7279965673569
15.5663403298486
69.0941708132282
68.9501594976191
69.0941708132282
68.8546260410665
48.8347953623259
57.4107200424386
57.4864999525713
57.562921983387
57.640021230079
58.8416186463225
58.8854899085049
57.6413795608673
57.5642669781694
57.4878327877347
1
0
-2.221e-16
2.221e-16
0
2.22099999989412e-16
-2.221e-16
2.221e-16
-2.221e-16
-2.221e-16
2.221e-16
2.22100000169407e-16
-2.221e-16
0
2.22100000169407e-16
-2.221e-16
0
1.69406597497241e-25
0
-2.221e-16
0
-2.221e-16
0.0682361802204691
0.0682361802204691
0.843902080560839
2.221e-16
-2.22099999998064e-16
0.693
97.0204281832825
96.2465072323334
93.7507566268021
90.8722575537252
16.201221681005
14.1347392689341
67.7655936191234
67.6271003101969
67.7655936191234
67.5764386523658
46.4008370119006
55.0025142936304
55.0872463859088
55.1727753352879
55.2591174269957
55.3465979851704
55.346970837285
55.2594760770249
55.1731265935471
55.087590422352
2.22100000086839e-16
0
0
-2.221e-16
-2.221e-16
0
-1.15805968030141e-268
-2.221e-16
-2.221e-16
-1.69406597497241e-25
-2.221e-16
0
2.221e-16
2.22100000084703e-16
0
0
-2.221e-16
2.221e-16
2.221e-16
0
-2.22100000084703e-16
0
0.0460932269853907
0.0460932269853902
0.806308389132446
-2.221e-16
-2.221e-16
-1.61415758555316e-27
97.0680656840103
95.7521613168249
93.3317926433253
91.1154492413873
16.7813068092708
14.666775565226
65.7562719998733
65.5280425210614
65.7562719998733
65.5492838692219
42.4148382739167
50.3668752644692
50.5882247616645
50.8137817364363
51.0436673352722
51.2785079127371
51.2792954730156
51.0444268120051
50.8145189792535
50.5889404306589
1
0
-2.221e-16
0
-2.221e-16
2.221e-16
2.2352108547152e-16
-2.221e-16
2.221e-16
-2.22100000084703e-16
2.221e-16
-2.221e-16
2.22100000042352e-16
2.221e-16
0
1.32348898008475e-27
2.221e-16
-2.221e-16
2.22100000010588e-16
-2.221e-16
-2.221e-16
2.221e-16
0.0126045333312222
0.0126045333312222
0.7517047970348
2.221e-16
2.22099999999957e-16
0.693
95.2709731574967
93.5078859719722
91.0685891846837
88.9957996665239
15.1783872669522
13.1377818582697
61.8304090650425
61.6474199376609
63.7177060193139
63.0296740038939
37.6964931218256
43.8884423356718
44.9735509994946
46.1141645655662
47.3104271732587
48.5576022932242
48.5589927418034
47.3117472601238
46.1154030644267
44.9747066815623
0
0
2.221e-16
2.221e-16
-2.221e-16
0
1.25557082125066e-287
2.22099997289495e-16
0
-2.22100000042352e-16
0
0
2.221e-16
-2.22099999915297e-16
0
-2.22099999998676e-16
1.0587911840678e-26
0
2.22099999989412e-16
2.221e-16
-2.221e-16
2.221e-16
2.221e-16
-2.22099999901943e-16
0.770655836382725
-2.22100000000002e-16
-2.22099999903887e-16
-2.22099999999544e-16
95.0182528095458
93.1775204541454
90.9722816199393
89.2490680793843
15.7499819103285
13.6864870753755
53.4137710999249
57.2419370261916
60.5507045260747
58.4698321370199
33.4875706528247
37.9979148794595
44.9742960947538
46.1148968468333
47.3112152754338
48.5683740941493
48.5683759512056
47.3112153458457
46.1148969114254
44.9742961307101
2.22099999912843e-16
0
2.22100000084703e-16
-2.221e-16
2.22100000010588e-16
0
6.64693658256529e-310
2.221e-16
0
2.221e-16
-2.221e-16
-2.22099999978824e-16
-2.221e-16
2.221e-16
2.221e-16
0
2.221e-16
2.22100000010588e-16
0
-2.221e-16
0
2.221e-16
-2.221e-16
-2.2209999990007e-16
0.770710853484439
0
-2.22100000098643e-16
2.22099999997784e-16
94.7716958653763
92.9613279226047
90.9494851436526
89.2423412822371
16.2831386193928
14.1832987434238
43.3785447094227
53.2777803590108
56.4712796603677
54.368521102054
30.2984073611411
33.5838523413384
44.9745546713136
46.1149946124422
47.3113287304188
48.579269486082
48.5792714916502
47.3113288035445
46.1149946791296
44.9745546920443
-1.99315568465404e-27
-2.221e-16
-2.221e-16
0
-2.221e-16
-2.221e-16
0
2.221e-16
-2.221e-16
0
2.22099999994706e-16
-2.22099999989412e-16
2.221e-16
2.22099999830593e-16
-2.221e-16
0
-2.221e-16
-1.05878938546501e-26
2.221e-16
0
1.32351138373455e-27
-2.221e-16
-2.221e-16
2.22100000069775e-16
0.770738107178861
2.221e-16
2.22099999900119e-16
2.22099999906569e-16
94.55672010831
92.8203178014604
90.9159660699063
89.0804621416933
16.7753052178175
14.6374173929625
36.3738415799725
49.7038562819409
52.7712513882748
50.6727079198353
27.8474948931222
30.2406778707311
44.9748966947904
46.1151062142565
47.3114588414194
48.5910068184645
48.5910089721696
47.311458917521
46.1151062831595
44.9748967059694
1
2.221e-16
0
2.22100000001324e-16
2.221e-16
0
2.221e-16
-2.71050541204444e-24
-3.38813194994483e-25
2.221e-16
2.11758370131068e-26
2.221e-16
-2.221e-16
-2.22100000338813e-16
0
2.221e-16
2.221e-16
1.05878938546501e-26
0
0
2.221e-16
-2.221e-16
-2.221e-16
-2.22099999901386e-16
0.770745764561117
2.221e-16
2.22099999900036e-16
0.693
92.6348516120137
90.6236092499489
88.5229827334018
86.2298658641881
14.8994984162355
12.7641984613591
31.4351847189555
46.474979750612
49.4092499622886
47.3355275279547
25.9305980476486
27.673831089688
44.975295848773
46.1152317634007
47.3116059949095
48.6030034805269
48.6030055827051
47.3116060740353
46.1152318344861
44.9752958545477
2.22099999999982e-16
0
2.22099999978824e-16
-2.221e-16
0
2.22099999915297e-16
-2.221e-16
-2.221e-16
2.22100000338813e-16
2.221e-16
-2.22099999957648e-16
-2.221e-16
2.22099999661187e-16
2.221e-16
0
2.221e-16
2.221e-16
0
-2.221e-16
0
2.22099999998676e-16
2.221e-16
-2.221e-16
-9.94900526827293e-26
0.770739726545495
-2.221e-16
-2.22100000099869e-16
1.96862156334285e-30
92.3857583983608
90.4844860914507
88.4194949094478
86.4196112085572
15.3579214591663
13.2634146606421
27.9043428675431
43.5512797915923
46.348498227687
44.3156083183631
24.3995407292459
25.6693445304099
44.9757325616944
46.1153712834781
47.3117702919559
48.6152856541209
48.6152879128922
47.3117703741487
46.1153713567101
44.9757325650873
-8.00443492249962e-30
-2.221e-16
2.22100000002647e-16
-2.11758370131068e-26
-2.22100000042352e-16
-2.22100000169407e-16
1.42108547152015e-18
2.221e-16
-2.22100000169407e-16
-8.4703294725427e-26
-2.22100000084703e-16
-2.221e-16
0
-2.22100000169407e-16
-2.221e-16
-2.221e-16
-2.221e-16
0
2.22100000010588e-16
5.29394692732506e-27
0
-2.64697346366253e-27
0
6.10366334272785e-27
0.77066830949763
2.221e-16
-9.93561288082248e-26
2.22099999999994e-16
91.9977007293942
90.2927291157321
88.3405284531897
86.3161056459685
16.2375829559097
14.1107985862969
23.5752512768753
38.5400131422324
41.0576363171126
39.1430524470399
22.2345404565082
22.9083116735108
44.9761652293073
46.1155286209655
47.3119566632406
48.6286984491528
48.628699686157
47.3119567061505
46.1155286588288
44.9761652339464
-2.22100000028039e-16
2.221e-16
-2.22100000010588e-16
2.11758370131068e-26
-2.22100000042352e-16
0
-2.221e-16
1.35525271560683e-24
-2.221e-16
2.221e-16
-2.22100000084703e-16
2.221e-16
-3.38813194994483e-25
0
-2.64697796016959e-27
2.221e-16
0
-2.221e-16
2.22100000005294e-16
5.29394692732506e-27
6.61755691867276e-28
2.221e-16
2.221e-16
-2.22100000019817e-16
0.770659102422186
0
9.84063974253198e-26
-2.22099999999995e-16
91.7125456408124
90.1655635258687
88.2177837137819
85.9155024529326
16.9861969835866
14.8043998246191
21.0038499579472
34.3676339115776
36.6148736672475
34.8434091984538
20.6007547782675
20.9582578182456
44.9766180732578
46.1157160337049
47.3121802921855
48.6439408434857
48.643942240308
47.3121803384574
46.1157160740368
44.9766180812431
-2.221e-16
0
2.221e-16
2.221e-16
-2.221e-16
-2.22100000084703e-16
2.221e-16
-2.22099997289495e-16
-3.38813194994483e-25
2.221e-16
0
-2.221e-16
-2.22100000338813e-16
-2.221e-16
2.221e-16
1.32351138373455e-27
-2.22099999994706e-16
2.22100000010588e-16
2.221e-16
-2.22099999994706e-16
1.32351138373455e-27
2.221e-16
-2.221e-16
-6.72298324827489e-26
0.770646988732393
2.221e-16
2.22099999900379e-16
2.22100000000002e-16
91.4759798145067
90.0407207798425
88.022240997769
85.4074610570965
17.6093019093645
15.3762585448837
19.2460786829135
30.8545346979705
32.8487281391939
31.2299016494823
19.242911232126
19.432605296947
44.9770704927823
46.1159349347309
47.3124445659666
48.6610602750679
48.6610618365098
47.3124446159104
46.1159349776424
44.9770705055921
-2.22099999999999e-16
-2.221e-16
-2.11758370131068e-26
2.221e-16
-2.221e-16
-1.69406589450854e-25
-0.120890462558453
1.35525273067412e-24
0
-1.69406597497241e-25
-2.221e-16
2.22099999830593e-16
0
2.221e-16
-2.22100000002647e-16
-2.22099999999338e-16
-2.221e-16
-2.22099999994706e-16
5.29395592033919e-27
2.221e-16
0
2.22099999997353e-16
2.221e-16
2.22100000002626e-16
0.770634832441704
-2.221e-16
-9.93384092014972e-26
7.74069763248118e-30
91.2515128681577
89.8922694019051
87.7751514349962
84.8752115834635
18.1208904625585
15.8443867959414
17.8705401303772
27.8627300037746
29.6254090250392
28.1588794108854
18.0337629968271
18.1344149231432
44.9775115821381
46.1161864610631
47.3127529699696
48.6800957074563
48.6800974371337
47.3127530239056
46.116186506646
44.977511600525
-2.22100000000001e-16
0
2.22099999957648e-16
-2.22100000042352e-16
0
0
-0.534392682268415
-2.22099998644747e-16
2.221e-16
0
2.22099999830593e-16
-1.69406589450854e-25
-3.38813194994483e-25
0
-2.64697796016959e-27
0
2.221e-16
5.29394692732506e-27
2.22100000005294e-16
-2.221e-16
-2.221e-16
-2.64697346366253e-27
-2.221e-16
-2.22100000015032e-16
0.770624557176931
2.221e-16
-2.22099999902068e-16
2.22307949976682e-16
91.0200519008248
89.7132676392343
87.4985126239365
84.3631596426953
18.5343926822684
16.222295725965
16.6855701311931
25.2871051862112
26.8413363610701
25.5207563670531
16.9142369698726
16.9676419653888
44.9779349241709
46.1164706356094
47.3131080476243
48.7010249925971
48.701026888528
47.3131081057869
46.1164706838585
44.9779349483951
-4.60004515357003e-29
0
-4.2351624722407e-26
2.22099999915297e-16
-2.221e-16
-1.69406589450854e-25
-0.861684078744405
2.22100001355253e-16
-2.221e-16
-3.38813194994483e-25
0
2.22099999661187e-16
-2.221e-16
0
0
6.61744490042398e-28
5.29394692732506e-27
-2.221e-16
5.29394692732506e-27
2.221e-16
2.22100000001324e-16
0
0
-2.22099999902021e-16
0.770617156984087
2.221e-16
-8.53302518399258e-26
-2.22100000000319e-16
90.7741804963771
89.5043436294612
87.2082919870588
83.902220945675
18.8616840787444
16.5211787720752
15.6109966844116
23.0483844665929
24.4170308510555
23.2327279849642
15.8611551580867
15.8894899534488
44.9783355876918
46.1167853554485
47.3135099914258
48.7237071471772
48.7237091967894
47.3135100538348
46.1167854061715
44.9783356176117
-2.22099999999996e-16
-2.221e-16
-4.23516473627135e-26
-2.22100000084703e-16
2.22099999915297e-16
2.22099999830593e-16
-1.11341222529753
-2.221e-16
2.221e-16
-3.38813194994483e-25
-2.221e-16
-3.38813194994483e-25
-6.77626340685159e-25
2.221e-16
2.22099999997353e-16
6.61755691867276e-28
2.22100000005294e-16
2.22100000005294e-16
1.05878938546501e-26
0
-2.22099999999338e-16
-2.221e-16
-2.221e-16
-2.22100000098318e-16
0.77061268261062
2.221e-16
4.34824568300414e-26
2.22100000000003e-16
90.5131120107939
89.2692243371222
86.9164122966665
83.5188840212594
19.1134122252975
16.7508770759604
14.6183215500469
21.0875343681821
22.2921742278352
21.232976496967
14.8700657721449
14.8850972806994
44.9787085675295
46.1171258235058
47.313955563325
48.7478498987276
48.7478520760787
47.3139556296862
46.1171258762726
44.9787086026566
2.22099999999967e-16
2.221e-16
-4.23516473627135e-26
-2.221e-16
-2.22100000084703e-16
2.22099999830593e-16
-1.29948674138021
-2.221e-16
2.22099999322374e-16
2.22099999661187e-16
-3.38813178901708e-25
-2.22100000338813e-16
2.221e-16
2.22099999322374e-16
2.22099999994706e-16
-2.221e-16
2.22100000005294e-16
0
1.05878938546501e-26
5.29394692732506e-27
6.61755691867276e-28
-2.22100000005294e-16
2.221e-16
2.22099999900036e-16
0.770610506442318
2.99717840177408e-27
2.2210000009946e-16
1.00372477037017e-29
90.2391901819204
89.0123320590081
86.6334206613989
83.2388246079184
19.2994867413802
16.9204905404626
13.7026600192422
19.3613035942989
20.4216124458603
19.4760542778683
13.9460162928654
13.9539881287066
44.9790487722093
46.1174851637706
47.3144383743661
48.7730432373231
48.7730455061741
47.3144384440958
46.1174852179675
44.9790488118124
-7.70618496787776e-29
2.221e-16
0
-2.221e-16
2.221e-16
-2.22100000169407e-16
-1.4297368644292
2.22100001355253e-16
-2.221e-16
-3.38813194994483e-25
-2.22100000338813e-16
-3.38813194994483e-25
0
-2.22100000677626e-16
2.221e-16
2.22100000000662e-16
2.221e-16
2.22100000005294e-16
-2.22099999994706e-16
-2.22099999994706e-16
2.22100000000662e-16
-2.22100000002647e-16
0
2.22100000000002e-16
0.770609757467755
-2.22100000000667e-16
8.93723833114801e-26
2.22099999999947e-16
89.9537264616886
88.7183799500578
86.371414527665
83.1169731574363
19.4297368644292
17.0401077108591
12.8694481020372
17.8385942006817
18.7720487131591
17.9291301101079
13.0984686792337
13.1026936523077
44.9793522179681
46.1178562211862
47.3149508192479
48.7988604051243
48.7988627279635
47.3149508916493
46.1178562761756
44.9793522612362
2.22100000000152e-16
-2.22100000029781e-16
-8.47032987486207e-26
-8.47032987486207e-26
0
-1.69406597497241e-25
-1.51260156174556
-2.221e-16
0
-6.77626340685159e-25
3.38813194994483e-25
2.22099999322374e-16
-1.35525271560683e-24
-1.35525271560683e-24
2.22099999997353e-16
0
-2.22099999994706e-16
0
-2.22099999994706e-16
0
6.61755691867276e-28
2.221e-16
0
2.22100000096892e-16
0.770609660476167
0
2.22099999901107e-16
1.26306124329926e-29
89.656382492894
88.4545519108725
86.186858500246
83.5792839745662
19.5126015617456
17.1145481426662
12.1281937754561
16.4976438329227
17.3194452906878
16.569075025891
12.3385855192903
12.3408215326078
44.9796161610662
46.1182320049605
47.3154844600252
48.8248642739212
48.8248666103548
47.3154845343172
46.1182320601196
44.9796162071569
-2.22100000000001e-16
2.22100000000099e-16
2.22099999915297e-16
2.22099999915297e-16
2.221e-16
2.22099999830593e-16
-1.55822935186875
-2.221e-16
-1.35525271560683e-24
2.221e-16
-6.77626340685159e-25
-2.22100000677626e-16
2.221e-16
2.221e-16
0
-2.22099999998676e-16
0
2.22100000005294e-16
2.22100000005294e-16
2.22100000005294e-16
2.221e-16
2.221e-16
0
-7.10362474530368e-26
0.770609660622387
-9.99631227068291e-26
-9.93249342345053e-26
8.60359313365718e-26
89.3653796026951
88.2047436681116
86.0803301304935
83.9415288413998
19.5582293518688
17.1520271971256
11.4893527481711
15.3236481546033
16.0467891282218
15.3800062730106
11.6775833962492
11.6787632688619
44.9798416224066
46.118609194312
47.3160348409358
48.850833974539
48.8508363086185
47.3160349167091
46.118609249344
44.9798416706902
2.221e-16
2.221e-16
-8.47032987486207e-26
-2.221e-16
0
-1.69406589450854e-25
-1.58063082899053
-2.22100001355253e-16
2.221e-16
0
2.22099999322374e-16
-6.77626357803416e-25
0
2.22099998644747e-16
-2.221e-16
2.22100000000662e-16
2.22100000005294e-16
-2.22099999989412e-16
2.22100000010588e-16
2.22100000005294e-16
-2.22099999999338e-16
2.22099999997353e-16
-2.221e-16
-2.22099999915924e-16
0.770609660800691
2.22100000004628e-16
2.22100000099495e-16
-2.22099999999954e-16
89.0826829638348
87.974734434678
86.0180919753307
84.230065019096
19.5806308289905
17.1852630651459
10.9628198356225
14.3069082979168
14.9423300375037
14.3513742788919
11.1258279367552
11.1264467091143
44.9800328200771
46.1189878086791
47.316601864365
48.8767676545264
48.8767699861277
47.3166019416124
46.1189878635833
44.9800328701053
7.88860905221012e-31
-2.22100000000001e-16
-2.221e-16
2.22099999915297e-16
2.22099999830593e-16
-1.69406589450854e-25
-1.5860489233053
0
-1.35525273067412e-24
-2.22100000677626e-16
0
-2.22100000677626e-16
-2.221e-16
2.22099998644747e-16
-2.22100000002647e-16
6.61755691867276e-28
2.221e-16
-2.221e-16
2.221e-16
-2.22099999994706e-16
2.221e-16
0
-2.221e-16
2.2210000009888e-16
0.770609660988786
2.221e-16
0
-1.40112437224277e-29
88.810386943495
87.765079491097
85.9802869157146
84.4627219988105
19.5860489233053
17.1933365733992
10.5571198973898
13.4413166400281
13.9981189289577
13.476400307643
10.692258718829
10.6925791461119
44.9801944549821
46.1193678651944
47.3171854544649
48.9026642602399
48.90266658929
47.3171855331806
46.1193679199705
44.9801945062669
