52
50
48
45
18
16
20
20
22
22
18
20
11
11
11
11
32
32
32
32
0
1
0
0
0
0
0
0
0
0
0
0
0
0
0
0
0
0
0
0
0
0
0
0
0.839972833096894
0
0
0
51.960155761932
49.9960787841956
47.9788995273472
45.0503434633222
17.4808951589141
15.0536482872226
19.2687430038779
19.7667698105565
21.7371631969107
21.719960378244
17.5108959964571
19.3880787217593
22.0026722918419
22.0025155145074
22.002478688546
22.0025881952631
22.0025881349746
22.0024786405618
22.0025154941637
22.0026721031883
-0
1
0
0
0
0
0
0
0
0
0
0
0
0
0
0
0
0
0
0
0
0
0
0
0.841576278338818
0
0
0
51.9209477061233
49.9912403038089
47.9593487303038
45.0994237184314
16.8659966520884
14.3821652216554
18.5907034736532
19.5386785144197
21.4799970733633
21.4463134376155
17.0514226494566
18.8133412166559
22.0036063670399
22.0025583428799
22.0023994215221
22.0028675587308
22.0028673952861
22.0023993264599
22.0025582817748
22.0036053419731
0
1
0
0
0
0
0
0
0
0
0
0
0
0
0
0
0
0
0
0
0
0
0
0
0.841793032226191
0
0
0
51.8823482804233
49.9855529687977
47.9412540427024
45.1472886252125
16.2554351739435
13.8598819125059
17.9619457315282
19.3156717531947
21.2283402712098
21.1789113625017
16.6197615552511
18.2734973994433
22.0046715486013
22.0026409227244
22.0022696358273
22.0033277165722
22.0033274744647
22.0022694940644
22.0026408188698
22.0046703732489
0
1
0
0
0
0
0
0
0
0
0
0
0
0
0
0
0
0
0
0
0
0
0
0
0.841983420631176
0
0
0
51.8443321506676
49.9790820617696
47.9245286042608
45.1939847640951
15.6779424005095
13.4521769728132
17.3788615764608
19.0976412384119
20.9820727371208
20.9176098371433
16.2142099729866
17.7664109811601
22.0058475295566
22.0027688766435
22.0020911658413
22.0039648641889
22.0039645450632
22.0020909778447
22.0027687243487
22.0058462188275
0
1
0
0
0
0
0
0
0
0
0
0
0
0
0
0
0
0
0
0
0
0
0
0
0.842149759145301
0
0
0
51.8068753238051
49.9718892649099
47.9090900814967
45.2395571907137
15.1485947950695
13.1333456251543
16.8380908110386
18.884478347909
20.741074726302
20.662265238776
15.8331597670589
17.2900643816393
22.0071159015059
22.0029473182378
22.0018658431175
22.0047755130193
22.0047751183103
22.001865609368
22.0029471122864
22.007114469247
0
1
0
0
0
0
0
0
0
0
0
0
0
0
0
0
0
0
0
0
0
0
0
0
0.842321339712371
0
0
0
51.7699554354144
49.964032679653
47.8948609834607
45.2840489774387
14.6740844515147
12.8835779031185
16.3365231825432
18.6760772008341
20.5052303584927
20.4127385938244
15.4751042697037
16.8425671956094
22.0084601448929
22.003180879622
22.0015954790608
22.0057563917184
22.0057559226659
22.0015951999191
22.0031806152049
22.0084586033947
0
1
0
0
0
0
0
0
0
0
0
0
0
0
0
0
0
0
0
0
0
0
0
0
0.842447789505547
0
0
0
51.7335522231316
49.9555685410954
47.8817693362495
45.327502967398
14.2559799707935
12.689076656732
15.8717885291519
18.4724942108731
20.2745767940034
20.1690545975768
15.1390541391017
16.4225710124931
22.0098636171293
22.0034737910089
22.0012819702583
22.0069044367298
22.0069038944942
22.0012816462891
22.0034734637061
22.0098619790161
0
1
0
0
0
0
0
0
0
0
0
0
0
0
0
0
0
0
0
0
0
0
0
0
0.842555487549604
0
0
0
51.6976462697947
49.9465619304206
47.8697467077683
45.3699705135237
13.8925870086658
12.5376382138024
15.4411870960098
18.2736235104252
20.0489999855354
19.9310770727762
14.8236598508014
16.0283892056076
22.0113113438587
22.0038299122948
22.0009270637463
22.0082169621108
22.008216347975
22.0009266950998
22.0038295180174
22.0113096204479
0
1
0
0
0
0
0
0
0
0
0
0
0
0
0
0
0
0
0
0
0
0
0
0
0.842642724586463
0
0
0
51.7607522768813
49.8900875342128
47.8706055005472
45.4228238954569
13.5843156929732
12.3653467129672
15.0422283446928
18.0793614020525
19.8283888630179
19.6986735804506
14.5276603701798
15.6584458342416
22.0127844510978
22.004252516279
22.0005214932077
22.0102497921347
22.0102500300129
22.0005210701264
22.0042520509975
22.0127826486267
0
0
0
0
0
0
0
0
0
0
0
0
0
0
0
0
0
0
0
0
0
0
0
0
0.842714519793366
0
0
0
51.9181221897876
49.6056315393618
47.8536612845994
45.4639075300835
13.6927772310349
12.2334965797604
14.672575089314
17.8896052503813
19.6126333845372
19.4717130353592
14.2498571210025
15.3112428256251
22.0142626013566
22.0047441832581
22.0000497244191
22.0134696049696
22.0134705843934
22.0000492303388
22.0047436429436
22.0142607219098
0
-0
0
0
0
0
0
0
0
0
0
0
0
0
0
0
0
0
0
0
0
0
0
0
0.840812604515313
0
0
0
51.9416060587712
48.2654932349824
47.7013332227109
45.6636546988736
13.712559244579
11.8589325739692
13.1936462572302
17.0087958661892
18.6027190437
18.4144873242063
13.0970914807872
13.8702621690756
22.0149905741122
22.0052469393626
21.9994647507982
22.0181183790819
22.01811884677
21.9994646298539
22.0052468275446
22.0149903036927
-0
-0
0
0
0
0
0
0
0
0
0
0
0
0
0
0
0
0
0
0
0
0
0
0
0.840914846860582
0
0
0
51.5950894023865
48.1907977906322
47.5351890800603
45.8401587006015
13.6821097630519
11.7920049763219
12.1947364263965
16.230362191851
17.7027724702702
17.4793591762281
12.2671686581423
12.8303889172975
22.0158035160307
22.0058128856312
21.9987134695152
22.0241799590484
22.0241805709658
21.99871331467
22.0058127575396
22.0158032020565
0
-0
0
0
0
0
0
0
0
0
0
0
0
0
0
0
0
0
0
0
0
0
0
0
0.84097285488505
0
0
0
51.2547549301275
48.160066458944
47.4115342450698
45.9815130308191
13.6584262368273
11.7468894183205
11.5345860531502
15.5466974329543
16.9048138711997
16.6565004926808
11.6816890952005
12.0919731789166
22.016631517024
22.006451459581
21.9978362587698
22.030886563889
22.030887247766
21.9978360774661
22.006451313653
22.0166311757752
0
-0
0
0
0
0
0
0
0
0
0
0
0
0
0
0
0
0
0
0
0
0
0
0
0.840999881399927
0
0
0
50.9392650771573
48.1467588632202
47.3220540697581
46.0954049741526
13.646264236366
11.7212937922267
11.1166306438271
14.9510103426923
16.2016781600998
15.9371549829724
11.28348759295
11.5823772186777
22.0174012060926
22.0071674372625
21.9968170008994
22.0382903471723
22.0382911076579
21.9968167896696
22.0071672720666
22.0174008454458
-0
-0
0
0
0
0
0
0
0
0
0
0
0
0
0
0
0
0
0
0
0
0
0
0
0.841003589625796
0
0
0
50.6528850278731
48.1396026280525
47.2592297947442
46.1885375300282
13.6485495354997
11.714248481891
10.874681256777
14.4372077860848
15.5869009361595
15.3134869350359
11.0307539478455
11.2485076279931
22.0180560894272
22.0079630235365
21.9956390705807
22.0464276800884
22.0464285201413
21.9956388258193
22.0079628379976
22.0180557149407
0
-0
0
0
0
0
0
0
0
0
0
0
0
0
0
0
0
0
0
0
0
0
0
0
0.840989404963184
0
0
0
50.3948978311409
48.1336681270477
47.2168116317962
46.266213595112
13.6673383799831
11.7255708016648
10.7633394556622
13.999806788136
15.0546344590113
14.778468273228
10.8928731645618
11.051529480146
22.0185519148767
22.0088383211399
21.9942861140952
22.0553247373612
22.055325658616
21.9942858322094
22.0088381144005
22.0185515305558
0
-0
0
0
0
0
0
0
0
0
0
0
0
0
0
0
0
0
0
0
0
0
0
0
0.840961335005922
0
0
0
50.1659753359473
48.1360932868587
47.1960816550239
46.3326041157165
13.7077088769522
11.7594531113915
10.7513790479952
13.6338516270475
14.5995677746811
14.3257725330724
10.8473558117866
10.9629653898524
22.0188564777194
22.0097920386429
21.9927474580542
22.0649642860374
22.0649652803356
21.9927471364931
22.0097918100758
22.0188560870109
-0
-0
0
0
0
0
0
0
0
0
0
0
0
0
0
0
0
0
0
0
0
0
0
0
0.840922139110539
0
0
0
49.9613381150442
48.1363079694928
47.1878501519379
46.3919351254294
13.7681503577954
11.8133012251225
10.8171649900119
13.3348671236515
14.2168837779193
13.9497132515892
10.8775858931826
10.9618592533706
22.0189483036036
22.0108221604684
21.9910199828749
22.0752944435114
22.0752955012165
21.9910196205038
22.0108219097466
22.0189479098978
0
-0
0
0
0
0
0
0
0
0
0
0
0
0
0
0
0
0
0
0
0
0
0
0
0.840874046091725
0
0
0
49.7765884943197
48.1306121491942
47.1855836563068
46.4458086760219
13.8479476578913
11.8859989724518
10.9456033370221
13.0987198830216
13.9021178172412
13.6450723743187
10.9711629769452
11.0326160533841
22.018812379874
22.0119255907428
21.9891019277219
22.0862856621106
22.0862867775288
21.9891015236417
22.0119253175843
22.0188119861004
0
-0
0
0
0
0
0
0
0
0
0
0
0
0
0
0
0
0
0
0
0
0
0
0
0.840818830396048
0
0
0
49.609087611173
48.1203957450589
47.1874223830819
46.4951383138127
13.9481168322118
11.9787210876793
11.1260206187254
12.9216369005578
13.6511842615188
13.4071193406594
11.118755941546
11.1635921292295
22.0184390835562
22.013098711695
21.9869949585088
22.0979100298243
22.0979111964003
21.9869945124297
22.0130984160162
22.0184386924991
0
-0
0
0
0
0
0
0
0
0
0
0
0
0
0
0
0
0
0
0
0
0
0
0
0.840757950785542
0
0
0
49.4583691489842
48.1159961508717
47.1924182080872
46.5406336270405
14.0715420596879
12.0954702883824
11.3507444726042
12.8001234348627
13.4602924737961
13.2315086634048
11.3132354877018
11.3459722745274
22.0178279636632
22.0143381438248
21.984712569321
22.1100926758187
22.1100938786013
21.9847120831568
22.0143378258025
22.0178275788379
0
-0
0
0
0
0
0
0
0
0
0
0
0
0
0
0
0
0
0
0
0
0
0
0
0.840692467479692
0
0
0
49.3256020810129
48.1296561814639
47.2007745186741
46.5829092523899
14.2213760813151
12.2418146307611
11.6141023792255
12.7309213532948
13.3259056995437
13.1142265323027
11.5490388188746
11.5729661886449
22.0169851283633
22.0156409079038
21.9822769839716
22.1227177794959
22.1227189936484
21.9822764612485
22.0156405679651
22.0169847538695
0
-0
0
0
0
0
0
0
0
0
0
0
0
0
0
0
0
0
0
0
0
0
0
0
0.84062283155844
0
0
0
49.2052658266608
48.1323053233722
47.2119238561676
46.622538578203
14.3931761394378
12.4102834380035
11.911836328725
12.710969595779
13.2447004654542
13.0515395167353
11.8217691927309
11.8392818980658
22.0159135007666
22.017003394539
21.9797032263587
22.1357222973252
22.1357235177791
21.97970266925
22.0170030331274
22.0159131395105
-0
-0
0
0
0
0
0
0
0
0
0
0
0
0
0
0
0
0
0
0
0
0
0
0
0.840549659076983
0
0
0
49.095403313624
48.1264201133881
47.2244293803879
46.6599304312395
14.5879134938753
12.6019047226652
12.2403629630425
12.7373755461484
13.213543436813
13.0399606419118
12.1276786411138
12.1405226259413
22.0146118289688
22.0184207077308
21.9769940410781
22.1491176942496
22.1491189220338
21.9769934494479
22.018420325191
22.0146114824554
-0
-0
0
0
0
0
0
0
0
0
0
0
0
0
0
0
0
0
0
0
0
0
0
0
0.840473345423321
0
0
0
48.9944657333829
48.1141688685702
47.2372970229019
46.6953580657961
14.8065389263492
12.8177001420497
12.5967793041361
12.8073769750004
13.2294473672354
13.076198124076
12.4636310260537
12.4730777435923
22.0130799544659
22.0198876984075
21.9741528555616
22.1629099296843
22.1629111662446
21.9741522294074
22.0198872951614
22.0130796241107
-0
-0
0
0
0
0
0
0
0
0
0
0
0
0
0
0
0
0
0
0
0
0
0
0
0.84039429525633
0
0
0
48.9012122171666
48.0972477020654
47.2498719011062
46.7290004193123
15.0499265399568
13.0585971744375
12.9785543482251
12.9183214282135
13.2895518514041
13.157129005075
12.8268693573896
12.8338446141521
22.0113194330073
22.0213990612938
21.9711842270293
22.1770989790328
22.1771002245264
21.9711835665589
22.02139863784
22.0113191201875
-0
-0
0
0
0
0
0
0
0
0
0
0
0
0
0
0
0
0
0
0
0
0
0
0
0.840451641296155
0
0
0
48.8146423046164
48.0769547002522
47.261743807632
46.7609741428017
15.3188588812325
13.3254131447569
15.9928930497281
13.0677516687336
14.145619732484
13.2796573833416
13.2147801019885
13.219959088466
22.0093388661186
22.0229597221414
21.968096088242
22.1916978398693
22.1916990896545
21.9680953935711
22.0229592769692
22.0093385715084
0
-0
0
0
0
0
0
0
0
0
0
0
0
0
0
0
0
0
0
0
0
0
0
0
0.841198705185571
0
0
0
48.7339366091833
48.054289125203
47.2726660978498
46.7913586637408
15.6140284554394
13.6188401759174
24.9411475732837
13.253544129284
16.91002214196
13.440527856969
13.625068594642
13.6289455324459
22.0071569522582
22.0246209070931
21.9649078260306
22.2067991132986
22.2068003444489
21.9649070958248
22.0246204294233
22.0071566746235
0
-0
0
0
0
0
0
0
0
0
0
0
0
0
0
0
0
0
0
0
0
0
0
0
0.843690485199841
0
0
0
48.6584231989921
48.0300101324179
47.2825112968521
46.8202093263657
15.9360254606287
13.9394490004471
37.9075604881548
13.473843880386
21.3720601606389
13.6362552889526
14.0554721372789
14.0584155624868
22.0048018707817
22.0265401572837
21.9616658994905
22.2226872915781
22.2226884401394
21.9616651283259
22.0265396149501
22.0048016077373
-0
-0
0
0
0
0
0
0
0
0
0
0
0
0
0
0
0
0
0
0
0
0
0
0
0.850930321931769
0
0
0
48.5875451292807
48.0046955614495
47.2912309458949
46.8475684162146
16.2853330575363
14.2876875881536
53.55396098491
13.727716817418
27.334701500841
13.8621819324317
14.5037451867427
14.5060513374445
22.0023721010728
22.0292271068635
21.958504380444
22.2402964348631
22.2402973158781
21.958503547748
22.0292263962483
22.0023718391385
-0
-0
0
0
0
0
0
0
0
0
0
0
0
0
0
0
0
0
0
0
0
0
0.00914535208940809
0.00914535208940809
0.884
0
0
0
48.5208348163704
47.978784701882
47.2988281275358
46.8734718601861
16.6623222452439
14.6638817123154
70.1086339606836
37.173113484119
34.5527107421189
17.4655031996678
15.0822176821594
15.1116598384742
17.7331156582733
20.3319497959792
21.5153890578906
21.9719129045878
21.9719989014368
21.5155992662683
20.3324104438203
17.7335792670569
0
-0
0
0
0
0
0
0
0
0
0
0
0
0
0
0
0
0
0
0
0
0
0.0851438993447273
0.0851438993447273
0.884
0
0
0
48.4578937031642
47.9526115433832
47.3053391731756
46.8979536122257
17.0672475785903
15.068235935416
71.5299058952336
70.9111992953525
41.4792507108176
39.0890274294024
16.6913523578018
26.3486061440796
25.7812362113034
25.1945266309768
24.5879791549747
23.9618619745179
23.9598418059237
24.5860209532283
25.192632472128
25.7794044865484
0
-0
0
0
0
0
0
0
0
0
0
0
0
0
0
0
0
0
0
0
0
0
0.10883176492056
0.10883176492056
0.884
0
0
0
48.3983780730027
47.9264294918396
47.3108211729656
46.9210482513997
17.500242998846
15.5008356310566
72.3282998834142
71.8778342627901
48.5111852426747
46.8336649769354
21.5832772848201
36.9531294125688
36.6320428957918
36.3022967141412
35.9635579974596
35.61584917954
35.6142302263762
35.9619787782058
36.3007593953958
36.63054592625
-0
-0
0
0
0
0
0
0
0
0
0
0
0
0
0
0
0
0
0
0
0
0
0.122138331390236
0.122138331390236
0.884
0
0
0
48.3419605123613
47.9004281565997
47.3153419722236
46.9427920329639
17.961319635121
15.9616481335787
76.3069934489373
75.8095633114396
55.9787008285779
54.4075614048871
27.9916314904165
44.8360874405547
44.6193879869909
44.3990740927515
44.1750334620285
43.948041475031
43.9467800018027
44.1737830707847
44.3978442963887
44.6181781798124
-0
-0
0
0
0
0
-0.450364744557472
0
0
0
0
0
0
0
0
0
0
0
0
0
0
0
0.188449890815622
0.188449890815622
0.884
0
0
0
48.2884030457351
47.8747534995198
47.3189789383297
46.9632254589734
18.4503647444717
16.4505238188521
72.1238010582861
71.9406220240119
62.1428668659606
61.3845167072641
39.954052894634
54.7816702677416
54.6908592294146
54.598664313657
54.5049959547427
54.4111479138299
54.4100598063393
54.5039188988906
54.597602773026
54.6898123573675
1
-0
0
0.00262348726623634
0
0
0
0
0
0
0
0
0
0
0
0
0
0
0.000898851043167319
0
0
0
0.118730017638102
0.118730017638102
0.84973248251989
0.60617182097719
0.378857388110744
0.242371555624201
54.7892238194646
44.9973765127338
47.1231575504159
45.3413157948552
16.8123377416945
16.2359674942529
80.8649826614585
80.712820195627
67.3789398466054
66.6418191289658
17.6560983031317
56.5557461698096
50.8520640643741
40.463757536726
23.8745756210712
8.29669455815247
7.99910114895683
23.5321883973265
40.2467145282944
50.7329512563403
1
-0
0
0.0388882144860866
0
0.0348144056625445
0
0
0
0
0
0
0
0
0
0
0
0
0
0.000678374043699964
0
0
0.264416377690976
0.264416377690976
0.29588922661132
1
0.625
0.160339029889815
65.4973026599328
44.9611117855139
46.7479638240916
44.9651855943374
15.5186874438627
15.6192109236456
72.8874954237891
72.7525492865183
25.9620562484793
32.192681673862
20.1986175945092
63.9573988177101
43.5205464085826
23.3407777163546
8.49296229811882
9.12284728512361
8.97177767004222
7.9993216259563
22.7467378599916
42.9442072704407
1
-0
0
4.79555907487285e-05
0
0.0127840866467423
0
0
0
0
0
0
0
0
0
0
0
0
0
0
0
0
0.131458257063152
0.131458257063152
0.884
0.306478712832325
0.191549195520203
0.365438283425637
62.944443953498
44.9999520444093
46.2484027270481
44.9872159133532
14.4142890623717
14.6563422150367
79.8917056398092
79.6176566579697
47.8944682166665
46.4670186040526
27.3852432281844
55.4013141994733
46.9338040259631
39.2595346077433
33.9738300850532
33.7292271381423
33.8292560150072
33.8956479739317
39.0897262680943
46.7254204439291
1
-0
0
0.00669161832830486
0
0
0
0
0
0
0
0
0
0
0
0
0
0
0
0
0
0
0.248195093996819
0.248195093996819
0.884
0.199295031607107
0.124559394754442
0
59.0605836644103
44.9933083816978
46.2296434595069
45.1082412308074
13.6102838231231
13.2663688081711
76.1443029088814
75.9614152406792
61.1842594469286
60.3826277788908
41.3767230786295
60.9654485713576
58.869039824665
56.2209987317999
52.8476376396442
48.5209209430853
48.3935969745019
52.74855300262
56.1433960043411
58.8077734770111
1
-0
0
0
0
0
0
0
0
0
0
0
0
0
0
0
0
0
0
0
0
0
0.18573838181469
0.18573838181469
0.884
0
0
0
50.9625616230417
46.187672342346
46.1012538818375
45.1882829882983
12.9537915167391
11.9892402119317
89.9174221791197
89.6651894887363
80.3616619483458
79.8302608295113
49.1543115221643
70.7244876114528
70.5502419598803
68.7114276202901
64.6156897620143
57.5199190311928
57.3557318153445
64.5606745467759
68.7364606461988
70.6322750640632
1
-0
0
0
0
0
0
0
0
0
0
0
0
0
0
0
0
0
0
0
0
0
0.415290369651996
0.415290369651996
0.865285189989297
0
0
0
49.3421248736325
46.9835599124611
46.0644219657802
45.2545458784383
12.1889540853683
11.0858557408938
81.1098158749795
81.0157871534783
81.1098158749795
80.940094346359
64.5311057954741
75.8303894823964
82.9888475156343
85.5789518530151
82.0067735189233
70.2950258984861
69.7198297007004
81.7755136109519
85.6095595647371
83.2150571247916
-0
-0
0
0
0
0
0
0
0
0
0
0
0
0
0
0
0
0
0
0
0
0
0.268496931249658
0.268496931249658
0.884
0
0
0
55.0758845296521
46.7593701328651
46.0369478597821
45.313129224691
13.3398804305033
11.9750164015536
94.3653298602912
94.232248045544
91.2156646925322
90.6566093853982
58.5878121650096
81.2746649577127
82.3503736085339
80.7327977054813
75.356252394322
64.8467496022844
64.4481279670614
75.169898490223
80.7010238472945
82.428516390358
0
-0
0
0
0
0
0
0
0
0
0
0
0
0
0
0
0
0
0
0
0
0
0.489422164338187
0.489422164338187
0.84838496517314
0
0
0
61.5803911447405
48.7135281404003
46.098413238098
45.3671670327652
14.3755128300237
12.8394811970623
86.4640558154907
86.3901278774672
86.4640558154907
86.4721618462759
70.6619378002941
82.6816457656586
89.2976435431388
91.7931245124765
88.0918940491295
75.4112250695783
74.6873685921081
87.8086547906433
91.8170942005198
89.5289668294596
0
-0
0
0
0
0
0
0
0
0
0
0
0
0
0
0
0
0
0
0
0
0
0.357734263591512
0.357734263591512
0.884
0
0
0
65.1308805117581
51.327956359946
46.3560100241823
45.4304589630217
15.3349034166574
13.6812542377908
95.0421467915854
94.9424544220538
95.0421467915854
94.6414501899215
66.3050455198522
85.9107891480068
88.1399428930172
87.6935601860826
83.0824823834733
72.2367909373055
71.7074613108737
82.8643053137338
87.6827870000823
88.2619869709329
-0
-0
0
0
0
0
0
0
0
0
0
0
0
0
0
0
0
0
0
0
0
0
0.500702446526424
0.500702446526424
0.859576642717219
0
0
0
69.3859471784898
54.1303481275603
46.7981567439678
45.5187294477743
16.2449405128702
14.494130584151
93.9871239470922
93.8999932548895
93.9871239470922
93.8391086904417
73.7796600927269
88.0430828034573
92.3500411285624
93.7611608679487
90.260181618376
78.9099693116303
78.2171230825497
90.0082326192984
93.7878772152374
92.5436886325954
0
-0
0
0
0
0
0
0
0
0
0
0
0
0
0
0
0
0
0
0
0
0
0.483118732451537
0.483118732451537
0.870491866100189
0
0
0
72.7033694687549
56.9492090141832
47.4100288500223
45.6450001982518
17.1116071043893
15.2771029114952
97.8053314252263
97.7189054936613
97.8053314252263
97.5575554692361
74.9609736378047
90.7828417335981
93.9020377043855
94.6304010463842
91.0786150093187
80.3783285144729
79.7301218286023
90.8477188963541
94.6508124955235
94.0641960685017
0
-0
0
0
0
0
0
0
-3.06382752484069e-05
0
-3.06382717323318e-05
0
0
0
0
0
0
0
0
0
0
0
0.546755523753771
0.546755523753771
0.860117427603028
0.0481517982052052
0.0300948738782532
0
76.3121363761225
60.1790499738087
48.6005098501506
45.9260298318138
17.9395525748223
16.0271963080494
98.0000306382752
97.9256379161817
98.0000306382752
97.8424798499537
76.2307889022663
92.1145096717582
94.6152556768769
95.0179512911062
91.4688787307739
81.0411920298821
80.3571645616612
91.2129923305436
95.0105089417952
94.7420309556189
1
-0
0
0
0
0
0
0
-1.22399860826461e-06
0
-1.22398742519181e-06
0
0
0
0
0
0
0
0
0
0
0
0.550000510637921
0.550000510637921
0.858315852155487
0.115448931412864
0.0721555821330397
0
71.8629894724941
64.4604400707832
50.6940929820466
46.4992401641973
16.8203690120713
15.0201816449164
98.0000012239874
97.9304983201258
98.0000012239874
97.8521390557234
74.8881934293398
92.2647322350913
93.4584969150307
92.9399992817375
89.1124451177138
79.3572107284002
78.7052182734865
88.8433238311604
92.8864403049387
93.5181284603643
1
-0
0
0
0
0
0
0
0
0
0
0
0
0
0
0
0
0
0
0
0
0
0.55000002039979
0.55000002039979
0.830645853761551
0.359623223332578
0.224764514582861
0
71.3951509869435
68.5660213467197
55.5429287603881
47.990419765982
15.8153743500384
14.1103168763245
89.5982434022802
89.5719106057144
89.5982434022802
89.6633855566323
62.7495612173676
86.5980537936789
84.3673642831816
80.6526018364099
74.6065780476424
64.9227940727408
64.2526389113971
74.1846448528998
80.3904223488811
84.207396112496
1
-0
0
0
0
0
0
0
-3.11097702194729e-05
0
-3.11091999816823e-05
0
0
0
0
0
0
0
0
0
0
0
0.409970723371337
0.409970723371337
0.884
0.12363198866634
0.0772699929164627
0
68.0719444558509
67.9452102974798
57.4075862290762
49.0656969193832
14.9097892528955
13.2993586224803
98.0000311097702
97.8978802985762
98.0000311097702
97.6515509854241
71.5550830842364
89.6290748307304
89.6254230082394
88.4020001298853
84.8219936172844
76.9624875385252
76.4952664515165
84.6230731314664
88.3484063372928
89.6449845771925
1
-0
0
0
0
0
0
0
-0.000182330717991669
0
-0.000182331064163023
0
0
0
0
0
0
0
0
0
0
0
0.55000051849617
0.55000051849617
0.859176676197413
0.140873196807692
0.0880457480048073
0
68.404487093859
67.0748873728608
59.3161637320015
50.4918765894926
14.0969368860032
12.5568670712585
98.000182330718
97.9325883455845
98.000182330718
97.8417011145168
73.7022182285869
92.0484816959405
92.354437922298
91.1959274405611
87.1408933459426
77.7426954409265
77.0931355593245
86.8605923169813
91.1158386768376
92.3756067541978
1
-0
0
0
0
0
0
0
0
0
0
0
0
0
0
0
0
0
0
0
0
0
0.5500030388453
0.5500030388453
0.785059391984172
0.743712805842193
0.464820503651371
0
71.3484694258602
71.1994504384389
70.385960209232
56.3266260073332
13.3465546698508
11.8420376939535
73.4096533227715
73.4511927314438
73.4096533227715
73.762615306828
41.3609039571927
74.934923718235
68.3376665815281
60.0873848903772
50.391684713815
40.1512479150473
39.3871410070621
49.6829819452737
59.4903437521078
67.862670768139
1
-0
0
0
0
0
0
0
0
0
0
0
0
0
0
0
0
0
0
0
0
0
0.140160888712859
0.140160888712859
0.884
0.432436433032674
0.270272770645421
0
67.8324229192679
70.0880393448419
72.0453636530281
61.959392946497
12.6618933702488
11.2345459528973
83.353875605051
83.2336379775364
83.353875605051
83.0716952633519
49.3978271522542
75.2780378444417
71.3380200766436
65.8925680153633
59.4851841587541
54.9165137430064
54.9036882736572
59.1957168928152
65.5937053943579
71.1047454864089
-0
-0
0
0
0
0
0
0
0
0
0
0
0
0
0
0
0
0
0
0
0
0
0.305897926750851
0.305897926750851
0.884
0.322364235320915
0.201477647075572
0
73.2247676726456
68.8223474922476
71.9292449594815
65.269844794657
13.9459108037193
12.4146170514511
90.5609040247817
90.4261063299428
90.5609040247817
90.1773668193192
60.2766214462824
81.449460243347
79.4291326445803
76.2284608854034
71.6379429674131
66.4619773578295
66.2769948313799
71.4171196835957
76.0603287459441
79.3186471334306
-0
-0
0
0
0
0
0
0
0
0
0
0
0
0
0
0
0
0
0
0
0
0
0.426015067079695
0.426015067079695
0.884
0.205301794313532
0.128313621445958
0
76.7438571638962
69.8848907401838
70.6070259785992
66.3788250378368
15.1299507675577
13.4855735610053
97.6659516080654
97.541593980928
97.6659516080654
97.3178530829143
73.4002756092166
88.9840962419403
88.5220328398234
87.503362434591
85.1635291592854
79.7215865661583
79.4321567904576
85.0424944303228
87.4525162856445
88.4999613056843
-0
-0
0
0
0
0
0
0
0
0
0
0
0
0
0
0
0
0
0
0
0
0
0.54443252680109
0.54443252680109
0.837171561649452
0.493024859443459
0.308140537152162
0
82.2081846413326
72.7149795310209
72.4849659124392
69.8063696679863
16.2094733645918
14.4458146365161
91.0734119864
91.0304753159671
91.0734119864
91.0753896404678
66.5662374927645
87.217190104
85.0337993892497
81.3149133597636
75.7122531459215
69.4410826140828
68.9890985275298
75.3267493568138
81.0627411947718
84.8865620677016
-0
-0
0
0
0
0
0
0
-0.000187277042797973
0
-0.000187277043066469
0
0
0
0
0
0
0
0
0
0
0
0.434556866440001
0.434556866440001
0.884
0.186241451247276
0.116400907029548
0
82.9528239672398
74.9250570451409
72.9127360572469
70.6083434703827
17.1912667453803
15.342546745695
98.0001872770428
97.892285002171
98.0001872770428
97.6681437163482
75.3668988981283
89.9123268959065
89.6510356195244
88.8426450436491
86.6884953921456
81.415180923624
81.1120654334559
86.5715450818433
88.8036508823268
89.6421625819537
-0
-0
0
0
0
0
-0.105065781413643
0
-0.000427786541791875
0
-0.000427786714309491
0
0
0
0
0
0
0
0
0
0
0
0.550003121284047
0.550003121284047
0.86070119446658
0.232831082159753
0.145519426349846
0
85.3763911056135
76.7207266749581
74.0167195858067
71.7937557643602
18.1050657814136
16.1830787742914
98.0004277865418
97.9242979051299
98.0004277865418
97.8342078487625
77.5544362334994
91.9885605374103
91.6979828849644
90.6917624540571
88.1229880490671
82.3219703542761
81.9222403448926
87.9461916495912
90.6227066801172
91.6782488202413
1
-0
0
0
0
0
0
0
-0.000363144136712676
0
-0.000363143112011244
0
0
0
0
0
0
0
0
0
0
0
0.550007129775697
0.550007129775697
0.859805667664557
0.225748217780685
0.141092636112928
0
81.6419033384052
77.548419890561
75.2481230075765
72.9322359127967
17.1047116747212
15.2796154082438
98.000363143112
97.9315246093655
98.000363143112
97.8436479688127
78.2998840184052
92.1872719740896
91.9069725231913
90.936151606539
88.4552996060833
82.8436392703027
82.4562754957882
88.2840814363679
90.8691847247393
91.887679677499
1
-0
0
0
0
0
0
0
-7.92241714437081e-05
0
-7.92241714477676e-05
0
0
0
0
0
0
0
0
0
0
0
0.5500060523852
0.5500060523852
0.860035904420021
0.438799915465866
0
0
81.4501112045554
77.2708193312885
74.7701656796704
72.6425703386449
16.1685647675964
14.4187289519423
98.0000792241715
97.9325883496686
98.0000792241715
97.8444460311262
79.3921579788695
92.2003041626766
90.9440849474532
89.1629750665822
86.7910389112146
83.9701973034573
83.7761515056894
86.6274144215493
89.0399383943567
90.8572400498259
1
-0
0
0
0
0
0
0
-9.96000310557857e-05
0
-9.96000310495767e-05
0
0
0
0
0
0
0
0
0
0
0
0.550001320402858
0.550001320402858
0.859729522355223
0.217649294460829
0.136030809038018
0
79.5692269582696
76.5409727734143
75.0044242761213
72.9191354367642
15.277248131978
13.5990452914432
98.0000996000311
97.9326289705184
98.0000996000311
97.8488152723287
80.659052005367
92.194598887182
92.0656107385767
91.525736288077
89.8587022385783
85.3107425721973
84.9966447292395
89.7436819580273
91.4885773768539
92.0568172991342
1
-0
0
0
0
0
0
0
-0.000114269115474456
0
-0.000114269115474456
0
0
0
0
0
0
0
0
0
0
0
0.550001660000518
0.550001660000518
0.861208828933191
0.153844430302569
0.0961527689391058
0
78.0280522928734
75.2109315658231
74.8037832299772
72.9829800661078
14.4306231481042
12.8243235574528
98.0001142691155
97.9329975414982
98.0001142691155
97.8418014684781
82.2720533528873
92.1784460608475
92.2912561432588
92.1902510258636
91.1646596402799
87.0715322907479
86.7867885349841
91.0893557508794
92.1797240961469
92.2968013876651
1
-0
0
0
0
0
0
0
-0.00012265422341122
0
-0.000122654223332574
0
0
0
0
0
0
0
0
0
0
0
0.550001904485258
0.550001904485258
0.861491991526986
0.0703195426734615
0.0439497141709135
0
76.6576242681666
73.674088939242
74.1226736180827
72.6008252508902
13.6217299631245
12.0804032320724
98.0001226542233
97.9351937173356
98.0001226542233
97.8432736521362
83.7804653181625
92.2040951947887
92.6150630069668
92.9681609343148
92.489935853581
88.5952205789159
88.3253147303086
92.4499325796315
92.9865147608129
92.6394790048474
1
-0
0
0
0
0
0
0
0
0
0
0
0
0
0
0
0
0
0
0
0
0
0.550002044237056
0.550002044237056
0.85796856769571
0
0
0
75.2357484350944
72.1497930814028
73.267715327747
71.9959062912352
12.8388764242285
11.3574859961633
97.1631552101389
97.1048463202798
97.1631552101389
97.0274454668051
84.4107164564022
91.6944924504228
92.2507788444886
92.8499430441092
92.71109649187
89.0199000815003
88.7642662258182
92.6908120537013
92.8820088480776
92.2830630011489
-0
-0
0
0
0
0
0
0
0
0
0
0
0
0
0
0
0
0
0
0
0
0
0.536052586835648
0.536052586835648
0.844525278962518
0
0
0
78.5668352974034
73.0648149786842
72.8215884069977
71.5336151630513
13.9889544479516
12.3918607132434
94.0787194853543
94.0365877373499
94.0787194853543
93.9951262597943
82.0048666666047
89.4784890217392
90.0326771207796
90.444194803901
89.871152564374
85.9256675423531
85.6563647938329
89.8228608788508
90.4630722078645
90.0635454562362
-0
-0
0
0
0
0
0
0
0
0
0
0
0
0
0
0
0
0
0
0
0
0
0.484645324755905
0.484645324755905
0.756167261727769
0
0
0
80.7018864626091
73.9102343035878
72.7752285536234
72.1912780863687
15.026410010167
13.3240885275966
92.5934660406726
92.5380983711555
85.3812418291591
85.4616133689474
79.3322301167191
86.5258907628153
87.1170431354318
87.3291593475197
86.386593491086
82.6500473601147
82.4030038297227
86.3133624768669
87.3301199822741
87.1444157083351
0
-0
0
0
0
0
0
0
0
0
0
0
0
0
0
0
0
0
0
0
0
0
0.459891100677877
0.459891100677877
0.884
0
0
0
79.1512728844676
74.07812067213
73.3549361070637
73.2732813032972
15.9669957333159
14.1864582470666
87.9502822758042
87.91671172464
87.9502822758042
87.7449383115046
78.8460388477641
83.1047851984691
83.1150838138025
83.1254442459854
83.1358741132994
83.1407599512203
83.1406666104576
83.1361555830401
83.125723723505
83.1153615101436
-0
-0
0
0
0
0
0
0
0
0
0
0
0
0
0
0
0
0
0
0
0
0
0.382504704596737
0.382504704596737
0.848302180311399
0
0
0
78.0401975699288
74.3977744848399
73.8642420239371
73.7044210760968
16.8323067509609
14.9933169253718
86.0733283000568
86.0208399396254
86.0733283000568
85.9632956415716
75.8403678435993
80.6163553354129
80.630193951276
80.6440516475302
80.6579284027139
80.6710521072771
80.6713986220844
80.6583170173856
80.6444397047025
80.6305814519383
-0
-0
0
0
0
0
0
0
0
0
0
0
0
0
0
0
0
0
0
0
0
0
0.351222138334281
0.351222138334281
0.830466716258956
0
0
0
77.3464666574036
74.7497900473468
74.2544912061589
73.6853764480081
17.6329955837678
15.7410223234035
82.2824621281943
82.2363097435783
82.2824621281943
82.2154155396813
72.8555149764008
77.2677550665846
77.2897086571164
77.3117105682486
77.333761020434
77.3555736298164
77.356148430973
77.3343485245767
77.312296764511
77.2902935511525
-0
-0
0
0
0
0
-0.373605056789961
0
0
0
0
0
0
0
0
0
0
0
0
0
0
0
0.288041035469905
0.288041035469905
0.816487764320417
0
0
0
76.9669786788717
75.0773658522196
74.4749041913376
73.4302216813883
18.3736050567898
16.4300030708152
78.0602262432525
78.0198584686212
78.0602262432525
78.0073464989602
68.2792185447205
72.7489822427454
72.7831514569297
72.8174040940983
72.8517405192543
72.8860157361631
72.8867517059139
72.8524792099167
72.8181409589888
72.7838865035199
1
-0
0
0
0
0
0
0
0
0
0
0
0
0
0
0
0
0
0
0
0
0
0.217670437387542
0.217670437387542
0.792995771666488
0
0
0.693
75.0823949664074
73.6405895518009
72.6280322876013
71.0342582418744
17.0021906999744
15.1514349356263
73.4036614126116
73.3668359029672
73.4036614126116
73.367020325967
62.5899075898352
67.3066822517644
67.3627928475612
67.4191147755827
67.4756503682524
67.5320872344771
67.5329449609173
67.4765110905352
67.4199721821469
67.3636469744833
1
-0
0
0
0
0
0
0
0
0
0
0
0
0
0
0
0
0
0
0
0
0
0.140061023543526
0.140061023543526
0.742432752786934
0
0
0.693
73.347208644021
71.961909677753
70.6047941071464
68.9600828521936
15.636801069478
13.8665857344655
68.7479591057005
68.697722972825
68.7479591057005
68.7181250661449
55.792367963346
60.744180193347
60.862293988402
60.9815403638994
61.1019461524732
61.2228444096961
61.2238596857842
61.102958915377
60.9825432671409
60.8632872587339
1
-0
0
0
0
0
0
0
0
0
0
0
0
0
0
0
0
0
0
0
0
0
0.0624659850950092
0.0624659850950092
0.666690257846957
0
0
0.693
71.6103542868443
70.1159914243319
68.5691156552177
67.090373323653
14.2628991209568
12.5669156875969
63.0642179676529
63.0998471632187
65
64.8554885125408
48.3747521828822
52.7923382661579
53.2587166651132
53.7391889694599
54.2343684960325
54.7422314838662
54.7436257384219
54.2357284527604
53.7405079651794
53.2599963418881
1
-0
0
0
0
0
0
0
0
0
0
0
0
0
0
0
0
0
0
0
0
0
0
0
0.840059594454642
0
0
0.693
69.8205581512962
68.1776404689699
66.5718018662973
65.3249402206266
12.8692573637995
11.2434473195378
54.2566415506645
58.5318930406339
61.6983360469454
60.0912889348081
41.265755367748
44.4835871012743
53.2595746452672
53.7396646762236
54.2345924633297
54.7196743499779
54.7196693687064
54.2345920882814
53.7396643969687
53.2595741915116
1
-0
0
0
0
0
0
0
0
0
0
0
0
0
0
0
0
0
0
0
0
0
0
0
0.840162959861048
0
0
0.693
67.9732168028861
66.1947983192435
64.6113755909304
63.596722464518
11.446085703669
9.8870389428369
43.9539564366462
54.4228808039445
57.4984076825011
55.8082214480996
35.9639847620093
38.3079050017811
53.2603791082516
53.7394703255083
54.2333600964792
54.6888895816489
54.6888830942249
54.2333595806613
53.739470013589
53.2603784806242
1
-0
0
0
0
0
0
0
0
0
0
0
0
0
0
0
0
0
0
0
0
0
0
0
0.84021575617094
0
0
0.693
66.079465332212
64.1900300365175
62.66799424461
61.865813518812
9.98426726656026
8.48853789979328
36.766982403777
50.7198124291605
53.6905393974458
51.9509498019389
31.974324486964
33.6816919509419
53.2613954264738
53.7393537112233
54.2312742298122
54.6498167850939
54.6498086349254
54.2312735544401
53.7393533536219
53.2613946484683
-0
-0
0
0
0
0
0
0
0
0
0
0
0
0
0
0
0
0
0
0
0
0
0
0
0.840233079144129
0
0
0
65.8931502772429
64.2630402313171
63.0439026712812
62.711507933461
10.8043666674898
9.32942772782651
31.7040748872355
47.3759627449516
50.2320422658328
48.4703643213559
28.9366626754119
30.1803801916582
53.2623080992905
53.7393474940198
54.2282314367323
54.6093417980204
54.609334496032
54.2282305839253
53.7393470808428
53.2623071856593
-0
-0
0
0
0
0
0
0
0
0
0
0
0
0
0
0
0
0
0
0
0
0
0
0
0.840225540998059
0
0
0
65.7914644198748
64.4207988097522
63.4706762594911
63.2046524395467
11.5786974788066
10.0719309779264
28.0881319167526
44.3499882827765
47.0849238477584
45.3230581856429
26.5891237458776
27.4951221438686
53.2628733346373
53.7394689821192
54.2241925612519
54.5744811536004
54.5744746348901
54.224191524534
53.7394685050868
53.262872293121
-0
-0
0
0
0
0
0
0
0
0
0
0
0
0
0
0
0
0
0
0
0
0
0
0
0.840095886998228
0
0
0
65.7979582552779
64.8851141410581
64.2138528072454
63.5997988460801
12.9871030851926
11.38582214986
23.6611475002104
39.1691158440971
41.6474467206198
39.9375807825689
23.3962711188034
23.87706478145
53.2615624998213
53.7396155382716
54.2189575429361
54.5466665593742
54.5466640712833
54.2189569227707
53.7396152693283
53.2615620320988
-0
-0
0
0
0
0
0
0
0
0
0
0
0
0
0
0
0
0
0
0
0
0
0
0
0.840079228044718
0
0
0
65.957452061611
65.3435075835724
64.6890640057849
63.6960151840982
14.1581907114899
12.4645886589466
21.044106893987
34.8630075593975
37.087279157866
35.4699680451864
21.2171384623278
21.4723252250711
53.2593710312968
53.7398065037355
54.2123421069191
54.5277166975493
54.5277149028771
54.2123413580024
53.7398061886121
53.2593704765462
-0
-0
0
0
0
0
0
0
0
0
0
0
0
0
0
0
0
0
0
0
0
0
0
0
0.840056029501922
0
0
0
66.1508195282152
65.7060005270399
64.9761932765233
63.6892053116353
15.1192903494354
13.3441846072411
19.2648387490241
31.2444906457144
33.227100689232
31.7239429073164
19.5698294158013
19.7053176799076
53.2560376539731
53.7400129180642
54.2042676519119
54.5177975819842
54.5177965052129
54.2042667664753
53.7400125512149
53.2560370029137
-0
-0
0
0
0
0
0
0
0
0
0
0
0
0
0
0
0
0
0
0
0
0
0
0
0.84003154189467
0
0
0
66.3162152653268
65.9614297463227
65.1428404717847
63.651555183019
15.8982117116329
14.0544762368145
17.8792880241698
28.1696178519481
29.9284731820698
28.5483883267098
18.2070951493523
18.2790836708909
53.2513477360704
53.7401897388292
54.1946824797665
54.5170678268698
54.517067488544
54.19468145243
53.7401893143358
53.2513469767061
0
-0
0
0
0
0
0
0
0
0
0
0
0
0
0
0
0
0
0
0
0
0
0
0
0.840009463435214
0
0
0
66.4302318043556
66.1206627725233
65.2295806010136
63.6144561636589
16.5200170180421
14.6200231299533
16.6896539516304
25.5285487452178
27.0840851967702
25.8278122564394
17.0060740377441
17.0443810612077
53.2451258689922
53.7402838668671
54.1835914081231
54.5255806316501
54.525581040338
54.1835902386313
53.7402833788854
53.2451249893817
-0
-0
0
0
0
0
0
0
0
0
0
0
0
0
0
0
0
0
0
0
0
0
0
0
0.8399922454145
0
0
0
66.4893200387537
66.1982813416098
65.2594477595008
63.5950838935468
17.0065267174409
15.0614978926605
15.6129027568232
23.2382707271317
24.6114645500307
23.4747441945607
15.909740591406
15.9301861253757
53.237254374739
53.7402456317974
54.1710965043252
54.5431270729164
54.543128211534
54.1710952011588
53.7402450756524
53.2372533664887
-0
-0
0
0
0
0
0
0
0
0
0
0
0
0
0
0
0
0
0
0
0
0
0
0
0.839980911419709
0
0
0
66.498883587235
66.2082060889792
65.2462786986638
63.6040950186051
17.3768687470649
15.3967632059616
14.6192133339452
21.2368180613983
22.4479127965798
21.4237008588902
14.8956982168655
14.906675081142
53.2277004855749
53.7400421663688
54.1574248600499
54.5690520028604
54.5690538130314
54.1574234427193
53.7400415393212
53.2276993480819
0
0
0
0
0
0
0
0
0
0
0
0
0
0
0
0
0
0
0
0
0
0
0
0
0.839974923704325
0
0
0
66.4681133961461
66.1622176953091
65.1986806550435
63.6496384182133
17.6483276744756
15.641720039672
13.7030715320431
19.4786087528301
20.5463514447645
19.6263233441828
13.9594560061151
13.965416221024
53.2165221418845
53.7396653580104
54.1429075269838
54.6021937733691
54.6021961534339
54.1429060239125
53.7396646598796
53.2165208831687
-0
-0
0
0
0
0
0
0
0
0
0
0
0
0
0
0
0
0
0
0
0
0
0
0
0.839972839067994
0
0
0
66.4036265784983
66.0548512871953
65.1097505321911
63.766269588479
17.8361927182687
15.8113710094098
12.8696358153939
17.9307237041624
18.8719587535859
18.0474997983443
13.1054333199418
13.1087380567801
53.2038391096401
53.7391291659739
54.1279097246553
54.6409734050027
54.6409762117542
54.1279081667536
53.7391283987906
53.2038377421415
-0
-0
0
0
0
0
0
0
0
0
0
0
0
0
0
0
0
0
0
0
0
0
0
0
0.839972833951217
0
0
0
66.2837436894596
65.9069873739893
65.005584103126
63.9366413321524
17.956264084154
15.9220147958727
12.1282778595201
16.5699618671541
17.399472117042
16.6622981264948
12.3421115476765
12.3440129058321
53.1898187957039
53.7384694384279
54.1127709458831
54.681569053768
54.681571797322
54.1127693586049
53.7384686060991
53.189817336698
-0
-0
0
0
0
0
-0.0235614131395429
0
0
0
0
0
0
0
0
0
0
0
0
0
0
0
0
0
0.839972833198545
0
0
0
66.159883407548
65.7720108091219
64.9332998276599
64.0642804433702
18.0235614131395
15.9823465308936
11.4893916019619
15.3803812117487
16.110893358774
15.4534088785485
11.6792834290172
11.6804453296716
53.1745504354238
53.7377039236072
54.0976230298159
54.7215186861872
54.7215213835755
54.0976214230778
53.7377030282063
53.174548896193
0
-0
0
0
0
0
-0.0513864767960222
0
0
0
0
0
0
0
0
0
0
0
0
0
0
0
0
0
0.83997283309884
0
4.92233934398959e-07
0
66.0349730254338
65.6494793076002
64.8798041431281
64.1603185639539
18.051386476796
16.0106682084754
10.9628373286033
14.3513841800271
14.99368088378
14.4091545589251
11.1265548069311
11.1273291847993
53.1580283184128
53.7368214208874
54.082463951118
54.7594736737983
54.7594762074165
54.0824623237974
53.7368204618747
53.1580267015077
-0
-0
0
0
0
0
-0.0580050047839195
0
0
0
0
0
0
0
0
0
0
0
0
0
0
0
0
0
0.839972833096894
0
0
0
65.9112048381023
65.537880984571
64.8371283892579
64.2325329941179
18.0580050047839
16.0175455270876
10.557127161927
13.4761579083344
14.0392545777003
13.521869463503
10.69246532566
10.6930385120497
53.1402501467292
53.7358098989043
54.0673105766982
54.799049734808
54.7990524023868
54.067308931937
53.7358088759285
53.1402484549128
