52
50
48
45
18
16
20
20
22
22
18
20
11
11
11
11
32
32
32
32
-2.221e-16
1
2.22100006776264e-16
6.7762635780344e-24
2.221e-16
8.67361737988403e-22
-2.77555756156135e-20
-2.22100013552527e-16
-2.221e-16
-2.22099996611868e-16
2.221e-16
-2.22099996611868e-16
0
3.38813180203341e-24
-2.221e-16
-2.221e-16
-2.22099996611868e-16
-2.22099996611868e-16
-2.221e-16
2.221e-16
-2.221e-16
0
-2.221e-16
-2.22100000033818e-16
0.841268047772207
3.97030735369341e-26
-3.31637124554913e-26
-2.2209999994392e-16
51.9601557562662
49.99607657287
47.9788994997991
45.0503412846617
17.5007370144974
15.0115822502712
19.2687439536667
19.766773565073
21.7371562345821
21.7199611961358
17.5109039468258
19.3880828917728
22.0024941282732
22.002505684314
22.0025054993317
22.0025060476758
22.0025060473937
22.0025054990891
22.0025056842211
22.0024941410249
2.221e-16
1
-2.22099993223736e-16
-2.22099993223736e-16
2.221e-16
-2.22100433680869e-16
-2.221e-16
2.221e-16
-2.22099996611868e-16
-2.22099996611868e-16
3.38813180203341e-24
-2.22099996611868e-16
2.22100003388132e-16
0
3.38813180203341e-24
-2.22099996611868e-16
0
0
2.221e-16
0
2.221e-16
-2.22099996611868e-16
2.221e-16
0
0.843593591549383
2.221e-16
-2.22100000001233e-16
2.221e-16
51.9209477026763
49.9912338806683
47.9593484251204
45.0994167529017
16.9690942892618
14.0895366180015
18.5906992764461
19.5388590299551
21.4799513310224
21.4463318610436
17.0514617134439
18.8133662469759
22.0025059413727
22.0025058595747
22.0025050877381
22.0025073421333
22.0025073414756
22.0025050872514
22.0025058593305
22.0025059286081
0
1
2.221e-16
2.221e-16
2.22100013552527e-16
2.221e-16
-2.22100054210109e-16
2.22099986447473e-16
2.22100006776264e-16
2.22100003388132e-16
2.221e-16
3.38813180203341e-24
-2.22099993223736e-16
-2.221e-16
0
-2.22099996611868e-16
2.221e-16
-2.221e-16
2.221e-16
2.22100003388132e-16
2.22100003388132e-16
3.3881317890172e-24
-2.221e-16
-2.221e-16
0.84395903502278
0
0
5.5619670761265e-29
51.8823479843094
49.985542067079
47.9412533279897
45.1472771968079
16.2791552114273
13.6325487928691
17.9619467696874
19.3161239959413
21.2282513981938
21.178951822578
16.6198358792922
18.2735446282289
22.0025204983165
22.0025061934144
22.0025044043885
22.002509494739
22.0025094937522
22.0025044036614
22.0025061930027
22.0025204827584
-2.221e-16
1
0
2.22100006776264e-16
0
2.22100216840434e-16
-2.71050543176596e-23
0
3.38813180203341e-24
2.22100003388132e-16
2.221e-16
-2.221e-16
-2.221e-16
-2.22099996611868e-16
2.221e-16
0
2.221e-16
3.3881317890172e-24
-2.221e-16
2.22100003388132e-16
3.38813180203341e-24
0
0
2.221e-16
0.844273227644583
0
2.22099999900603e-16
-9.29869792029268e-29
51.8443314685921
49.9790665087252
47.9245275020369
45.1939686587872
15.652409088099
13.2754751848503
17.3788722692467
19.0984517578717
20.9819403518518
20.9176801747123
16.2143254153948
17.7664841059834
22.0025376955471
22.0025067118088
22.0025034517435
22.0025125022514
22.0025125009351
22.0025034507774
22.0025067112043
22.0025376772648
0
1
6.77626355476301e-24
2.22100006776264e-16
-2.221e-16
2.221e-16
2.221e-16
0
2.221e-16
-2.22099993223736e-16
-2.221e-16
0
-2.22099993223736e-16
2.22100003388132e-16
3.38813180203341e-24
3.38813180203341e-24
3.3881317890172e-24
-2.22099996611868e-16
3.3881317890172e-24
-2.22099996611868e-16
2.221e-16
2.22100003388132e-16
2.221e-16
2.221e-16
0.844540321623382
0
-2.22100000000086e-16
-2.22100000000185e-16
51.8068742026026
49.9718686753173
47.9090886174926
45.2395358821288
15.0945209388419
12.9959226918209
16.8381156347346
18.8857234313323
20.7408993721893
20.6623734413419
15.8333225586409
17.2901677942807
22.0025574270952
22.0025074395607
22.0025022319147
22.0025163610917
22.0025163594457
22.002502230711
22.0025074387398
22.0025574061955
2.221e-16
1
2.221e-16
2.221e-16
-2.22099986447473e-16
2.22100216840434e-16
-2.71050543176596e-23
2.22099998305934e-16
6.7762635780344e-24
-2.22099996611868e-16
-2.22099996611868e-16
2.22100003388132e-16
2.221e-16
-2.22099996611868e-16
-2.22099996611868e-16
2.221e-16
0
2.221e-16
2.221e-16
-2.221e-16
0
3.38813180203341e-24
0
-2.221e-16
0.844764143481932
0
9.84173970928102e-26
-1.4148664069398e-26
51.7699537628921
49.9640059782432
47.8948592309981
45.2840213646433
14.6053717863189
12.7767120900596
16.3365694605539
18.6778230661127
20.5050124014166
20.4128916961139
15.4753211491103
16.8427062546119
22.0025795446414
22.002508399928
22.0025007469961
22.0025210678537
22.0025210658779
22.0025007455563
22.0025083988685
22.0025795212592
-2.221e-16
1
-2.221e-16
-2.22099993223736e-16
0
2.22100108420217e-16
-2.221e-16
-2.221e-16
0
2.22100003388132e-16
2.22100003388132e-16
2.221e-16
-2.221e-16
2.221e-16
-2.221e-16
0
3.38813180203341e-24
0
-2.221e-16
-2.221e-16
3.3881317890172e-24
2.221e-16
2.221e-16
2.22099999905197e-16
0.844948071489612
-2.221e-16
-9.98898079464501e-26
0
51.7335498226746
49.9555327254304
47.8817671112032
45.3274661176129
14.1818178254569
12.6059990959839
15.871858415892
18.4747979561764
20.2743166314795
20.1692588618431
15.1393289918606
16.4227477816539
22.0026038727372
22.0025096146448
22.0024989990811
22.0025266192195
22.002526616914
22.0024989974067
22.0025096133262
22.0026038470306
2.221e-16
1
2.221e-16
2.221e-16
0
2.22100108420217e-16
0
-2.22099999576484e-16
2.22100006776264e-16
-2.22099996611868e-16
3.38813180203341e-24
-2.221e-16
2.221e-16
-2.221e-16
-2.22099996611868e-16
-2.221e-16
2.221e-16
2.22100003388132e-16
-2.221e-16
0
-2.221e-16
2.221e-16
0
2.2209999999997e-16
0.845095235769676
0
-2.22099999900918e-16
-2.221e-16
51.6976426407873
49.9464994695941
47.8697433792883
45.3699088743676
13.8188071442439
12.4730372481069
15.4412731945988
18.2765338024813
20.0486977844754
19.9313377606634
14.8239914116446
16.0285995522171
22.0026302323036
22.0025111039547
22.0024969902522
22.0025330118358
22.0025330092011
22.0024969883444
22.0025111023576
22.0026302044467
2.221e-16
1
0
-2.22099993223736e-16
-2.22099986447473e-16
2.221e-16
2.221e-16
2.22100001694066e-16
6.77626355476301e-24
-2.221e-16
0
3.38813180203341e-24
2.221e-16
6.7762635780344e-24
0
0
-2.221e-16
0
2.221e-16
3.38813180203341e-24
2.22100003388132e-16
2.221e-16
0
2.22100000098871e-16
0.84520866781012
-2.221e-16
9.80706719882319e-26
-2.221e-16
51.6622137974448
49.9369553777329
47.8587234499321
45.4113881877159
13.5103045188945
12.3695256251073
15.0423144871321
18.0829193534817
19.8280444763195
19.6989948973707
14.5280424614083
15.6586796206627
22.0026584095601
22.0025128868495
22.0024947225651
22.0025402438277
22.002540240866
22.0024947204255
22.0025128849559
22.002658379736
1
2.68993001102425e-16
-2.221e-16
2.221e-16
-2.22099986447473e-16
2.238763568394e-16
0
-2.22099993223736e-16
2.22100006776264e-16
2.22100003388132e-16
3.3881317890172e-24
-2.221e-16
0
-2.22099993223736e-16
-2.221e-16
-2.22099996611868e-16
-2.221e-16
2.22100003388132e-16
0
2.221e-16
3.38813180203341e-24
0
0
-2.22099999997239e-16
0.845288764822319
-2.221e-16
2.22099999900128e-16
-9.5886043029614e-28
51.0789910497144
48.3094150880053
47.8638410525503
45.5043280165265
13.1367723785019
11.7080313319028
14.6726649100997
17.8938448224202
19.6122465266496
19.4720985424046
14.2502922287453
15.3115010546504
22.0026881582212
22.0025149810886
22.0024921271708
22.002549675394
22.0025496745036
22.0024921247339
22.0025149788815
22.0026881266021
1
-2.221e-16
-2.221e-16
0.843272057588366
0
0
0
0
-2.221e-16
-2.22099999322374e-16
-2.221e-16
0
-2.221e-16
0
-2.221e-16
2.22100000677626e-16
2.221e-16
-2.221e-16
-2.221e-16
0
2.221e-16
0
2.221e-16
2.22100000096597e-16
0.84214884754065
0
2.22100000000001e-16
0.0269638130034917
47.0775882993951
44.1567279424116
47.4658431882141
45.4959336301798
10.8629983460342
9.38964548805802
13.1937158832137
17.0128765806715
18.6023498430615
18.4148737432331
13.0974648123085
13.8704753054138
22.0026664076766
22.0025172412672
22.0024889704435
22.0025464520826
22.0025464483296
22.0024889698529
22.002517240792
22.0026664117838
2.221e-16
1
-2.221e-16
0.252113896851771
2.221e-16
-2.221e-16
0
-2.22099997289495e-16
2.221e-16
0
2.221e-16
-2.221e-16
-2.221e-16
-2.221e-16
-6.7762635780344e-25
2.221e-16
-2.221e-16
2.221e-16
0
2.22099999322374e-16
0
-2.221e-16
0
7.78218411616591e-26
0.842242268455137
-2.221e-16
0
-2.22100000000473e-16
46.9316092732547
44.7478861031482
47.0721109662652
45.6457497294242
9.20047972160654
11.4564749388456
12.1947742590121
16.2343283918831
17.7024132522518
17.4797509876171
12.2674888674742
12.8305527292979
22.002641438508
22.0025198431749
22.0024847330055
22.0025580783416
22.0025580827118
22.0024847322106
22.0025198426274
22.0026414429798
2.221e-16
1
5.42101087339269e-24
0
-5.42101087339269e-24
0
2.221e-16
-2.221e-16
0
0
-2.221e-16
0
2.71050541204444e-24
-2.221e-16
-2.221e-16
2.221e-16
0
0
-2.221e-16
-2.221e-16
0
2.221e-16
0
-8.44592942098745e-26
0.842276763389788
2.221e-16
0
-4.72991568293871e-28
46.825761790539
45.2467575053712
46.7883643133191
45.7888376783942
8.00905084694
13.4578485184123
11.5345903941015
15.5505705932313
16.9044628415703
16.6569032837232
11.6819679124439
12.0920916077507
22.0026138200072
22.0025228303475
22.0024796977411
22.0026236183687
22.0026236316418
22.0024796967985
22.0025228297205
22.0026138247834
1
2.221e-16
0.20807065738392
1.91236587080525
2.22100005421011e-16
1.19629097570467
1.43279177492605
-2.221e-16
0
-2.221e-16
2.221e-16
2.221e-16
2.221e-16
-2.221e-16
2.221e-16
0
-2.221e-16
-2.22100000677626e-16
2.221e-16
-2.221e-16
2.221e-16
-6.7762635780344e-25
2.221e-16
-2.221e-16
0.842269620550004
0
-6.75855499426973e-26
0.3009148322786
44.7919293426161
43.0876341291947
46.2980398922912
43.8037090242953
6.56720822507395
11.0040269544817
11.1166130538897
14.9547946577819
16.2013336079969
15.9375706102627
11.2837397120116
11.5824608266468
22.0025837892643
22.0025262333985
22.0024737413512
22.0025514136964
22.0025513690577
22.0024737402345
22.0025262326867
22.0025837942776
-2.221e-16
0
0.31178931527505
1.34904100891219
-2.221e-16
0.968405818499056
0.817248661994928
2.221e-16
-2.71050541204444e-24
-2.221e-16
-1.35525271560688e-24
-2.221e-16
-2.71050541204444e-24
2.221e-16
0
-2.221e-16
-2.221e-16
-2.221e-16
2.221e-16
-2.221e-16
-2.221e-16
-2.221e-16
0
5.38953221713456e-26
0.842232720312553
2.221e-16
2.22100000000412e-16
-2.2210000000047e-16
44.688210684725
43.6509589910878
45.8515978030639
44.0315941815009
7.18275133800507
10.5666666386267
10.8746489760168
14.4408961121173
15.5865603246689
15.3139134944818
11.0309889582667
11.2485624818278
22.0025515485943
22.002530072885
22.0024666974433
22.0023359031498
22.0023358675346
22.0024666961238
22.0025300720848
22.0025515537921
2.221e-16
1
0.364222177181281
0.953230959652105
-2.22099989157978e-16
0.799337954673166
1.97842595695654
2.221e-16
2.221e-16
0
2.221e-16
-2.22100001355253e-16
2.221e-16
-2.221e-16
-2.22099999322374e-16
2.221e-16
-2.221e-16
2.22099999322374e-16
-2.22100000677626e-16
2.221e-16
0
-2.221e-16
-2.221e-16
-2.22099999907626e-16
0.84217488609748
0
4.12919380076623e-28
-4.73394874474281e-28
44.6357778228187
44.0467690403479
45.5305359595442
44.2006620453268
6.02157404304346
13.5521813047792
10.7633033627186
14.003386643699
15.0542956461718
14.778902335892
10.8931019301577
11.0515644915882
22.002517247581
22.002534361715
22.0024584228719
22.0021681507454
22.0021681220307
22.002458421325
22.0025343608242
22.0025172529187
0
2.221e-16
0.389525527983171
0.680604595138543
-1.08420217467854e-23
0.687791053635941
1.19774937374742
0
-2.22100002710505e-16
2.22099998644747e-16
-2.221e-16
2.22100001355253e-16
0
-2.22099997289495e-16
-2.221e-16
0
0
2.221e-16
2.22099999322374e-16
2.221e-16
2.221e-16
-2.221e-16
2.221e-16
2.22099999903082e-16
0.84210250679313
0
2.22100000000414e-16
-2.22100000000474e-16
44.6104744720168
44.3193954048615
45.2998964272583
44.3122089463641
6.80225062625258
12.9620989809772
10.7513518227143
13.6373057173212
14.5992259542255
14.3262064468162
10.8475891174407
10.9629892766325
22.0024810172237
22.002539106939
22.0024488016633
22.0020371048575
22.002037080817
22.002448799868
22.0025391059562
22.0024810226623
0
0
0.402561985913197
0.512380572624725
2.221e-16
0.624168291586286
0.563237425591717
2.221e-16
0
0
2.22100001355253e-16
2.221e-16
0
0
2.221e-16
-2.221e-16
2.221e-16
-2.221e-16
0
-2.221e-16
2.22100000677626e-16
0
-2.221e-16
-2.2209999999859e-16
0.842020729929389
2.22099999994253e-16
1.19876019121842e-26
0
44.5974380140868
44.4876194273753
45.1320181849892
44.3758317084137
7.43676257440828
12.5194784112704
10.8171846547597
13.3381723058375
14.2165293662546
13.9501328711263
10.8778457604592
10.9618875072913
22.0024429831237
22.0025443111653
22.0024377601818
22.0019291103277
22.001929088694
22.0024377581249
22.0025443100899
22.0024429886285
-2.221e-16
2.221e-16
0.4064510749052
0.410232701639077
2.16840434442669e-23
0.57842261225549
0
0
-2.22100002710505e-16
2.221e-16
-2.221e-16
2.221e-16
-2.221e-16
2.221e-16
0
-2.221e-16
-2.22099999322374e-16
0
2.221e-16
0
6.77626340685159e-25
-2.221e-16
0
-2.22099999900765e-16
0.841933820572745
-2.221e-16
-2.22100000000045e-16
0
44.5935489250948
44.5897672983609
45.0073697862732
44.4215773877445
8.02837831659361
12.1409016384134
10.9456236352781
13.1018856752133
13.90177764978
13.6455030491704
10.9714367701948
11.032650146298
22.0024033424239
22.0025499734269
22.0024252522512
22.0018350584016
22.001835038296
22.0024252499252
22.0025499722592
22.0024033479654
0
-2.22099999999643e-16
0.40649837794704
0.351865578970246
0.0869089286374338
0.545845280782148
0
2.221e-16
2.221e-16
2.221e-16
-2.221e-16
-2.221e-16
2.22100002710505e-16
2.221e-16
2.22100000677626e-16
-2.221e-16
2.221e-16
0
2.221e-16
2.221e-16
0
0
2.221e-16
9.90195464565716e-26
0.841845201313605
9.99684475179393e-26
-2.22100000000059e-16
2.22100000000532e-16
44.593501622053
44.6481344210298
44.9130910713626
44.4541547192179
8.59037783478233
11.8190809858632
11.1260361191243
12.9246536976942
13.6508629306077
13.407561179268
11.1190401517041
11.1636275613268
22.0023622698615
22.0025560898129
22.0024112352256
22.0017504467201
22.0017504275031
22.0024112326232
22.0025560885533
22.0023622754105
0
-2.221e-16
0.406121285119319
0.323354634935021
0.159744252906529
0.523079829273283
2.221e-16
2.221e-16
2.221e-16
-2.22099998644747e-16
2.221e-16
-2.221e-16
2.221e-16
2.221e-16
-2.221e-16
-2.221e-16
2.221e-16
0
0
2.221e-16
2.221e-16
2.221e-16
2.221e-16
8.61491380910889e-26
0.841757663020506
-2.22100000099975e-16
2.22099999999944e-16
-2.221e-16
44.5938787148807
44.676645365065
44.8402557470935
44.4769201707267
9.12694909002383
11.5542832191317
11.3507582140175
12.8029807717592
13.4599919229931
13.2319587719916
11.3135305228497
11.3460080650397
22.0023199556804
22.0025626542257
22.0023957182847
22.0016721516095
22.0016721327998
22.0023957154084
22.0025626528754
22.0023199612114
-2.221e-16
2.221e-16
0.414742237346885
0.332349194684795
0.218166634147279
0.507731742677356
2.221e-16
0
-2.221e-16
-1.35525273067412e-24
-1.35525273067412e-24
1.35525273067412e-24
0
-2.221e-16
0
-2.221e-16
2.221e-16
2.221e-16
6.7762635780344e-25
-6.7762635780344e-25
0
2.221e-16
-2.221e-16
2.22100000098446e-16
0.841673685550329
0
-2.22099999999985e-16
-1.37153128355791e-26
44.5852577626531
44.6676508053152
44.7818333658527
44.4922682573226
9.5809826616688
11.3971705794267
11.61411377133
12.7336100082982
13.3256277508568
13.1146818256622
11.5493420444817
11.572998944728
22.00227663
22.0025696590255
22.0023787888539
22.0015932884133
22.0015932680685
22.0023787857206
22.0025696575859
22.0022766354927
-2.221e-16
-2.221e-16
0.423388182576317
0.344832416187889
0.266650897906343
0.498134069938337
2.221e-16
-2.221e-16
-2.71050541204444e-24
2.221e-16
2.221e-16
2.22100001355253e-16
2.22099997289495e-16
-2.221e-16
2.221e-16
0
2.221e-16
2.221e-16
-2.221e-16
2.221e-16
0
0
-2.221e-16
-9.985164680016e-26
0.841595407632923
-2.221e-16
1.18765474471352e-26
-2.22100000013719e-16
44.5766118174237
44.6551675838121
44.7333491020937
44.5018659300617
10.0501949776891
11.2686021095329
11.9117414048437
12.7134819922242
13.2444488905184
13.0519984238279
11.8220088807708
11.8392410853422
22.0022325249373
22.0025770950568
22.0023605252862
22.0015095770822
22.0015095556143
22.0023605219109
22.0025770935296
22.0022325303698
2.221e-16
2.221e-16
0.432278989489349
0.359485990525908
0.307476429334984
0.493027855198798
2.22100000677626e-16
-2.221e-16
2.221e-16
-2.221e-16
0
2.22099998644747e-16
-2.221e-16
0
0
-2.221e-16
-2.221e-16
0
-2.221e-16
2.221e-16
0
-2.221e-16
2.221e-16
9.98081115389531e-26
0.841524150458309
-2.221e-16
-2.22099999987878e-16
2.22099999986277e-16
44.5677210105107
44.6405140094741
44.692523570665
44.5069721448012
10.5263866016569
11.1790191409976
12.2401876051045
12.7397010540303
13.2133141949651
13.0404145280133
12.1278676355393
12.1404199528172
22.0021878048535
22.002584951394
22.0023408956752
22.0014225355409
22.0014225131768
22.002340892052
22.0025849497811
22.0021878101942
0
2.22100000000361e-16
0.441526117772513
0.375408155970134
0.342362982272959
0.491435168246343
0
0
2.221e-16
-2.221e-16
-1.35525273067412e-24
1.35525273067412e-24
-2.221e-16
2.71050541204444e-24
2.221e-16
-2.221e-16
-2.221e-16
-2.221e-16
-2.221e-16
0
-2.221e-16
-2.221e-16
2.221e-16
-9.98156844708249e-26
0.841460697640273
2.221e-16
-2.22099999987856e-16
-2.22100000013727e-16
44.5584738822275
44.6245918440299
44.657637017727
44.5085648317537
11.0027635245263
11.1372500096393
12.5965414269511
12.8095071576979
13.2292370830525
13.076639413538
12.4637787408729
12.4729221260558
22.0021426440476
22.002593215938
22.0023198743282
22.0013333296935
22.0013333066068
22.0023198704523
22.0025932142416
22.0021426492667
2.221e-16
2.22099999932467e-16
0.45117201425517
0.391974040928655
0.372617453858349
0.492591558002803
-2.221e-16
2.221e-16
-2.221e-16
0
-2.22099998644747e-16
0
1.35525273067412e-24
-2.22099998644747e-16
2.221e-16
2.221e-16
0
2.221e-16
-2.221e-16
0
2.221e-16
2.221e-16
0
0
0.841405673425381
0
-2.22099999987834e-16
2.22099999986269e-16
44.5488279857448
44.6080259590713
44.6273825461417
44.5074084419972
11.4745772381065
11.1498698701701
12.9783673201925
12.9202549627743
13.2893601554065
13.1575547565369
12.8270548882909
12.8337145605954
22.0020971596863
22.0026018758722
22.0022974434873
22.0012428739059
22.0012428502328
22.0022974393554
22.0026018740946
22.0020971647525
-2.221e-16
-2.2210000004945e-16
0.461203917698965
0.408773805286583
0.399224617527624
0.495900044584959
0
2.221e-16
0
0
0
2.221e-16
-2.221e-16
2.22099998644747e-16
2.221e-16
0
2.221e-16
-2.221e-16
-2.221e-16
0
-2.221e-16
2.221e-16
2.221e-16
-2.22100000089517e-16
0.841363032750207
0
-2.22099999987811e-16
-2.22100000013735e-16
44.538796082301
44.5912261947134
44.6007753824724
44.504099955415
11.9394067904618
11.2209122365237
15.9926215769187
13.0693732793818
14.1454400611604
13.280174977021
13.2150003757647
13.2198513379125
22.002051446738
22.0026109665509
22.0022735974553
22.0011520266988
22.0011520025279
22.0022735930661
22.0026109646844
22.0020514516654
-2.221e-16
2.22100000000363e-16
0.471589519315199
0.425521666441378
0.422944915730377
0.500887830156649
2.22099999915297e-16
2.22099998644747e-16
2.22099999661187e-16
2.221e-16
2.22099999322374e-16
2.22100001355253e-16
-2.22099998644747e-16
2.221e-16
2.221e-16
2.221e-16
0
2.221e-16
2.221e-16
-2.22100000677626e-16
-2.221e-16
-2.221e-16
0
-2.22099999999968e-16
0.84134949606292
-2.221e-16
4.2218849571297e-28
2.22099999986261e-16
44.5284104806848
44.5744783335586
44.5770550842696
44.4991121698434
12.3971470471388
11.3518742204721
24.9409585684218
13.2543665933247
16.9098479537644
13.4416395303998
13.6253326098699
13.6288661067665
22.0020046196868
22.0026207591573
22.0022483486272
22.0010620653705
22.0010620406665
22.0022483439812
22.0026207571468
22.0020046246422
2.221e-16
0
0.482278442636318
0.44203510712234
0.444357978233528
0.507181860121456
0
-2.221e-16
0
2.22099998644747e-16
-2.221e-16
2.221e-16
-2.22099998644747e-16
-2.221e-16
0
-2.221e-16
-2.221e-16
0
-2.22099999322374e-16
2.221e-16
-2.22100000677626e-16
2.221e-16
0
2.2209999990603e-16
0.841403586280598
2.221e-16
-2.22099999999577e-16
2.22099999986257e-16
44.5177215573637
44.5579648928777
44.5556420217665
44.4928181398785
12.8496940785358
11.5420253362362
37.9074355599774
13.4727889681452
21.3718668677113
13.6391841107509
14.0557821942742
14.0583560446808
22.0019541554563
22.0026320946148
22.0022217378226
22.0009755182884
22.0009754927435
22.0022217329214
22.0026320922903
22.0019541609268
2.221e-16
0
0.493213216489657
0.458200034064041
0.463909285374926
0.514485986137027
-2.221e-16
6.77626340685159e-25
2.221e-16
0
3.38813194994483e-25
0
0
-2.221e-16
-2.22100000677626e-16
0
0
0
0
-2.221e-16
0
-2.22099999322374e-16
-2.221e-16
-2.22099999921226e-16
0.841652578231504
-2.221e-16
-2.22099999999576e-16
-1.37463943115419e-26
44.5067867835103
44.541799965936
44.5360907146251
44.485514013863
13.300448353671
11.7888993847131
53.5540118345621
13.7222331250894
27.3344442982906
13.870132408503
14.5041342649329
14.5060091089954
22.00189229466
22.0026477397536
22.002193865307
22.0008993121935
22.0008992846117
22.0021938601494
22.0026477365534
22.0018923021244
-2.221e-16
0
0.504335013482847
0.473949722898825
0.481942675820824
0.522564253307433
-2.22099998644747e-16
2.22099999322374e-16
-2.221e-16
1.69406597497241e-25
0
-2.221e-16
-2.22099998644747e-16
-2.221e-16
-2.22100000677626e-16
2.221e-16
0
0
0
2.221e-16
2.221e-16
-2.22099999322374e-16
2.221e-16
0.0112157305572728
0.884
-2.221e-16
-2.22099999999575e-16
-1.37502987493182e-26
44.4956649865171
44.5260502771012
44.5180573241792
44.4774357466926
13.753723723032
12.0888815056894
69.8999481096958
41.4383989430271
34.5372495330682
18.2359572810533
15.1080367223299
15.1782460417085
17.0738857054404
19.7117741505049
21.2526011883307
21.8028610916302
21.8029765673971
21.2529264612353
19.7123584966808
17.074344618098
-2.221e-16
0
0.515586018282939
0.489249213437059
0.498724910736033
0.531228075129652
2.221e-16
2.22099999661187e-16
-1.69406597497241e-25
2.221e-16
2.221e-16
-2.221e-16
-2.221e-16
2.221e-16
-2.221e-16
-2.221e-16
6.77626340685159e-25
2.221e-16
-2.221e-16
0
-2.22099999661187e-16
2.221e-16
0.0816658018282625
0.0816658018282625
0.884
-2.22100000099929e-16
-2.22099999999575e-16
2.22099999986246e-16
44.4844139817171
44.5107507865629
44.501275089264
44.4687719248703
14.2141694456113
12.4377831782635
72.3058412171537
71.5912932159884
41.5520351976101
38.9755663646947
16.5705559681435
25.8928143432165
25.3087598953977
24.7050162522617
24.0811652690782
23.4371644200942
23.435207133027
24.0792691484854
24.7031811624632
25.3069845925029
-2.221e-16
-2.221e-16
0.526911496456715
0.504085102370775
0.51446391159398
0.540326359293046
-1.35525271560688e-24
-4.2351647362715e-26
1.69406597497241e-25
2.22099999830593e-16
4.2351647362715e-26
0
0
2.22100000169407e-16
2.22099999830593e-16
0
-2.221e-16
-2.22100000169407e-16
2.221e-16
-2.22100000169407e-16
2.221e-16
2.22099999830593e-16
0.121764020285895
0.121764020285894
0.884
2.22099999905732e-16
-2.22099999999574e-16
-1.37580793137005e-26
44.4730885035433
44.4959148976292
44.485536088406
44.459673640707
14.6862797169362
12.8313307326405
69.4383723978042
69.2102702562205
48.1748972498004
46.8713929603018
22.4954988642109
38.3025047379714
38.018196304378
37.7253093193647
37.4234570001823
37.1121657247398
37.1104175492321
37.4217604650115
37.7236619639243
38.016596067367
0
-2.221e-16
0.538271440067641
0.518458200817368
0.52932271588302
0.549737844764984
0
2.221e-16
2.221e-16
0
-2.221e-16
2.221e-16
2.221e-16
-8.47032987486207e-26
2.221e-16
-2.221e-16
-2.221e-16
8.470329472543e-26
0
-2.221e-16
-2.22099999915297e-16
0
0.0739728732967371
0.0739728732967369
0.884
7.68402290682171e-26
-2.2209999999956e-16
2.22099999986238e-16
44.4617285599324
44.4815417991826
44.470677284117
44.450262155235
15.1740395901189
13.2655184930992
85.9863053805718
84.9987908066074
57.2932908610847
54.7811452803138
23.78177410157
41.1767050559088
40.8656695637994
40.5513350391176
40.2337336757484
39.9130072055198
39.9118859346263
40.2326154113048
40.5502216466709
40.8645617906211
-2.221e-16
-2.221e-16
0
0.2805069829915
0.465790383231581
0.535051719113659
-2.71050541204444e-24
-2.221e-16
2.221e-16
0
-2.22099999915297e-16
0
-2.221e-16
2.221e-16
2.221e-16
-2.221e-16
2.221e-16
-2.221e-16
0.00218113716817032
2.221e-16
0
0
0.349771756342863
0.349771756342863
0.25
0.989908869658241
0.618693043536401
2.2209999998642e-16
49.366696853651
44.7194930170085
44.5342096167684
44.4649482808863
15.6807173091604
13.7368158725615
59.8815180298385
60.3046077188404
31.1009906810072
42.064879106913
44.6007675478761
66.2098739640012
65.4598254673048
64.6868079518293
63.8852732109943
8.88028181926952
7.99781886283183
63.8680268403588
64.6699491369821
65.4432713134405
-2.221e-16
2.221e-16
2.22099989157978e-16
0
0.346526247270681
0.514420297881209
2.221e-16
0
0
0
0
-2.221e-16
2.221e-16
0
2.22100000084703e-16
0
-4.2351624722407e-26
2.221e-16
0.000728003700138144
2.221e-16
-2.22099999915297e-16
-2.221e-16
2.221e-16
0.161857212038459
0.884
0.606053619308529
0.378783512067831
2.2209999998606e-16
56.0583598053449
45.8790270693969
44.6534737527293
44.4855797021188
16.208787224967
14.2422452853442
73.3017731647293
73.2187847815883
46.7607548672242
45.5720610489419
21.5106283066006
54.5266059161082
49.2160606581894
39.3628518051157
23.4228621640683
8.30736149392568
7.99927199629986
23.0858984073576
39.1531875573566
49.1029302692875
-2.221e-16
2.221e-16
2.221e-16
2.221e-16
2.221e-16
0.437472189946185
-2.221e-16
-2.22099998644747e-16
-2.221e-16
-2.22100000338813e-16
-2.221e-16
-2.22099999661187e-16
0
-2.221e-16
-2.221e-16
2.22100000084703e-16
2.22099999957648e-16
2.221e-16
-2.64697346366253e-27
2.221e-16
2.221e-16
2.221e-16
0.138362886078821
0.138362886078821
0.884
0.43639577386201
0.272747358663757
-1.3773610012772e-26
58.2631987037146
48.3703142174782
45.1594272899584
44.5625278100538
16.7599517574941
14.7793647769752
75.6354861587462
75.4153908677767
58.115776669416
56.9492011684862
21.4467573510688
54.2707160285501
42.9460704099688
31.8309534166462
23.7345930867525
24.2656962845843
24.3494092774295
23.5743948074631
31.5784357381339
42.6783693029934
2.221e-16
2.221e-16
-2.221e-16
2.221e-16
2.221e-16
0.367596037401717
2.221e-16
-2.221e-16
-2.221e-16
-3.38813194994483e-25
-2.221e-16
2.221e-16
-2.22100000042352e-16
2.221e-16
-2.221e-16
2.22099999915297e-16
0
-2.221e-16
0
2.22100000084703e-16
2.221e-16
0
0.17725810264577
0.17725810264577
0.884
-2.221e-16
2.221e-16
-2.22100000013778e-16
55.2297471371472
49.209327453709
45.4833720103721
44.6324039625983
17.3352248644392
15.3461858361182
83.9854541539321
83.6038593844121
69.3244171384672
68.239470547446
45.1540279877252
61.4735331242873
63.4673896606946
64.5032674783903
63.5745975544075
59.0692973103007
59.0004430020023
63.5958551864958
64.5709549790406
63.5547164107501
1
0
2.221e-16
0.0102550294979264
2.22100043368087e-16
0.00604656947035122
2.221e-16
0
2.221e-16
0
-2.221e-16
0
2.221e-16
-2.22100000169407e-16
1.69406597497241e-25
0
0
2.221e-16
-2.221e-16
-2.221e-16
-2.22100000169407e-16
2.221e-16
0.316424235898868
0.316424235898868
0.884
-2.22100000001791e-16
-1.11945241106639e-27
0.0683481520201646
53.5939578820036
44.9897449705021
45.4329934156845
44.9939534305297
15.888151678118
14.5908483878405
81.1502650211009
81.0059292738022
76.1830886142308
75.6951170274485
59.9693139362075
70.6784101634456
76.4878483740716
79.6659854334303
78.0446538347209
68.3596577032925
67.9958230888947
77.9486430923882
79.7316943449389
76.6444783156873
1
2.221e-16
0
0.000388902185013508
2.221e-16
-2.221e-16
2.221e-16
-2.221e-16
0
0
-3.38813194994483e-25
0
0
-2.221e-16
2.221e-16
2.221e-16
0
2.221e-16
-2.221e-16
0
0
0
0.269171083685016
0.269171083685016
0.884
-2.2210000000046e-16
-2.22100000000288e-16
0.00589726879795775
50.391677644257
44.999611097815
45.3426355923946
45.0764707949699
14.861829149569
13.5934157298587
88.6720623721054
88.5431287595831
86.8871539680603
86.5358311689614
56.3472434448086
76.908069073542
78.5245361205519
77.3536548637566
72.3841033234838
62.3458381575834
61.9701890166854
72.218622806624
77.3448633997928
78.6299118516847
0
0
2.221e-16
-2.221e-16
-2.22100010842022e-16
0
-2.2352108547152e-16
2.22100005421011e-16
2.221e-16
0
0
-3.38813194994483e-25
0
-2.22100000338813e-16
-2.221e-16
0
0
2.22100000042352e-16
2.221e-16
2.221e-16
-2.221e-16
-2.221e-16
0.394534372868423
0.394534372868424
0.850039182096956
2.221e-16
-2.221e-16
-2.221e-16
56.6276354336034
45.822944951004
45.3021591403066
45.0871989947034
15.8396669772243
14.2797945604177
84.5764796214849
84.4882977306365
84.5764796214849
84.5176772420526
64.3652374911623
78.9819951707572
85.0773095559933
86.6482796774932
82.1502678383244
69.6700198612549
69.0769698063385
81.8925824094151
86.6468235735001
85.2681009817065
1
0
2.22099999661187e-16
-2.221e-16
0.000528237149736779
2.221e-16
2.221e-16
5.42101087339269e-24
2.22099999322374e-16
-2.221e-16
0
0
-1.05879118406788e-26
0
0
0
0
-2.221e-16
0
8.47032987486207e-26
1.69406597497241e-25
2.221e-16
0.326274660358082
0.326274660358081
0.884
2.221e-16
-3.17133423774359e-26
0.0845048879963755
52.9590784398077
47.3890294765143
44.9994717628503
46.6243546815599
14.8168485566071
13.3898357636285
91.387239036693
91.2801429190954
91.387239036693
90.9514590081355
62.0201665584464
81.7294108352761
84.479788978403
84.0183382200083
79.0327662065298
67.827990965375
67.3486948478547
78.820011274514
83.9994749643799
84.5985732843448
1
-2.221e-16
0
2.221e-16
0.000761912855128791
2.221e-16
-2.221e-16
-2.221e-16
0
-2.221e-16
0
0
-2.221e-16
0
2.221e-16
1.69406597497241e-25
0
-2.22099999915297e-16
2.221e-16
0
0
2.221e-16
0.439787317278216
0.439787317278216
0.854674148778705
-2.221e-16
2.22100000000128e-16
0.0555798057832219
52.6139292816809
48.0260043428514
44.9992380871449
47.6790567681549
13.9265394513889
12.5911986524007
89.1875375842843
89.1072532750361
89.1875375842843
89.100177741435
68.5623071830168
83.6602378720044
88.8026900102521
90.1413120847246
85.8028447232375
73.2811239717525
72.6099266017188
85.5273974788181
90.1424529394895
88.9911400539727
2.221e-16
-2.221e-16
-2.22099999915297e-16
0
2.71050541204444e-24
-2.16840434442669e-23
0
-2.221e-16
2.221e-16
-2.221e-16
-6.77626340685159e-25
-2.22099999322374e-16
0
0
0
-2.221e-16
-2.221e-16
-8.47032987486207e-26
-2.221e-16
2.221e-16
0
2.221e-16
0.403125626404738
0.403125626404738
0.87023273637583
0
2.221e-16
2.221e-16
60.0671664495805
48.5054212418156
45.4474701954553
47.4580570000054
15.0185144843229
13.5020040932461
92.9354547268879
92.8550625560291
92.9354547268879
92.6773262216765
66.958632460905
85.6113313657881
88.600126072449
88.563872933883
83.7952097405211
71.9184064999492
71.2932190111906
83.5339857106627
88.545666038921
88.7379304729516
1
2.221e-16
2.221e-16
-2.221e-16
0.000396782712819309
0
2.221e-16
2.22100005421011e-16
-2.221e-16
2.221e-16
2.221e-16
0
0
-2.22099999322374e-16
0
0
-2.22099999830593e-16
-1.6940658945086e-25
2.221e-16
2.221e-16
2.221e-16
0
0.465590912114797
0.465590912114798
0.861991538513406
2.221e-16
-2.221e-16
0.100961469493614
57.9643024506071
50.1113492471497
44.9996032172872
50.1678548277352
14.1248292736996
12.6872054492879
93.3608792435621
93.2814857471776
93.3608792435621
93.186457884505
70.2789656994461
87.1000437240907
90.5110394962435
91.0500343351557
86.7885054111335
74.9257310227627
74.2319732123299
86.5163510457111
91.0459274898907
90.6690026140909
1
0
-2.221e-16
-2.221e-16
0.000648043033039693
-1.08420217467854e-23
2.2352108547152e-16
2.221e-16
0
2.221e-16
0
2.221e-16
0
0
2.221e-16
-2.22100000338813e-16
-2.221e-16
-1.6940658945086e-25
-2.221e-16
0
0
0
0.472681320726034
0.472681320726034
0.864769534016311
-2.221e-16
9.20009030714005e-29
0.0793332814285132
57.332361183267
50.8191735854708
44.999351956967
52.2694515362041
13.325108605759
11.9571203712847
95.3041708162685
95.2288911155044
95.3041708162685
95.1040912922547
71.0123108308888
88.8063238479227
91.4475078503154
91.5677875547105
87.244457694456
75.5673697508596
74.8664958223654
86.9718625771217
91.5552562996962
91.5837075758384
-2.221e-16
0
2.221e-16
2.22100000169407e-16
0
2.221e-16
0
-2.221e-16
-2.221e-16
-2.22099998644747e-16
0
0
2.221e-16
0
-2.221e-16
-2.221e-16
2.221e-16
-2.22100000169407e-16
2.221e-16
2.221e-16
2.221e-16
0
0.505069513604475
0.505069513604475
0.861921507701994
2.22099999999864e-16
2.221e-16
2.22099999999874e-16
65.3387550352111
51.9311393405984
46.0564750679152
51.6743376637485
14.5095190542516
12.9962193366148
96.237104535436
96.1615091278269
96.237104535436
96.0596215226952
72.3737507022948
90.0404720166591
92.4705418532749
92.6140343303187
88.4992093658372
77.0238627823771
76.3014086788665
88.2273142739793
92.6042204360486
92.6027753165478
1
2.221e-16
-2.221e-16
2.221e-16
1.35525273067412e-24
-2.22100005421011e-16
1.42108547152019e-18
-2.71050541204444e-24
-0.000292176426608987
2.221e-16
-0.000292176426609336
0
-1.6940658945086e-25
-2.221e-16
2.221e-16
2.221e-16
-2.221e-16
2.22099999661187e-16
2.221e-16
2.221e-16
2.221e-16
0
0.520618408923933
0.520618408923933
0.864161549106429
3.21460818877562e-29
2.2210000000002e-16
0.130400442970359
62.7317787989615
53.3428851852033
45.0700809019647
56.0049380589631
13.6936594703466
12.2300868676192
98.0002921764266
97.9229785773435
98.0002921764266
97.8038299098025
74.15069635212
91.5740555766495
93.7098981442205
93.8415362956161
89.9680614212837
78.7836241357272
78.0600659576806
89.7090913337845
93.8381869287775
93.8354814561243
0
2.221e-16
2.221e-16
-2.221e-16
2.221e-16
2.221e-16
0
-2.221e-16
-0.000836831322743319
2.22100005421011e-16
-0.00083683132274225
0
2.22100000169407e-16
-2.221e-16
-2.22099999322374e-16
-2.221e-16
2.22099999661187e-16
-2.221e-16
2.221e-16
2.221e-16
2.221e-16
0
0.55000486960711
0.55000486960711
0.858599449569573
0.0264482953310781
0.0165301845819241
2.22100000076531e-16
69.9170915868925
55.4819271126257
46.9197233261917
55.1730676890307
14.8664901159053
13.2894989127307
98.0008368313227
97.9284339332528
98.0008368313227
97.8471295943214
74.2747240386285
92.1407200877873
93.7709559285667
93.5927863323959
89.6932794961966
78.8184453626962
78.0894903588591
89.4231398430678
93.56869612289
93.8675791073107
1
-2.221e-16
0
2.221e-16
2.221e-16
2.221e-16
-1.4210854715202e-18
2.221e-16
-0.00076312028787431
0
-0.000763120287874532
-4.33680868885339e-23
0
-2.221e-16
2.221e-16
-2.221e-16
0
0
-2.22100000338813e-16
0
-2.22100000677626e-16
2.221e-16
0.550013947188713
0.550013947188712
0.858696302225162
0.0666940865936945
0.0416838041210588
-2.22100000088285e-16
67.1424280335285
59.9279480570558
49.2459492010344
54.7394324622977
14.0440447699301
12.5120369778931
98.0007631202879
97.9256643410319
98.0007631202879
97.8426535044633
74.0052444124498
92.0920930481301
93.0946396259125
92.4979015639039
88.6185565611174
78.559675316098
77.8747669501374
88.3507904052781
92.4523118549254
93.157812955502
-2.221e-16
0
2.221e-16
0
0
-2.221e-16
-1.42108547152019e-18
-2.71050541204444e-24
-0.000699502274907277
2.22099826527652e-16
-0.000699502274907074
4.33680868994202e-23
-2.221e-16
2.221e-16
-2.221e-16
2.22100000677626e-16
0
-3.38813194994483e-25
0
-2.221e-16
6.77626340685159e-25
-2.221e-16
0.550012718671465
0.550012718671465
0.85811373116233
0.0935335713783149
0.0584584821114468
0
74.3640797861676
61.4655597619397
51.4370203529724
54.4301733004039
15.2081828910969
13.5794368425304
98.0006995022749
97.9334594268099
98.0006995022749
97.8486831306807
73.6590742194089
92.2244555145859
92.9244476544598
92.0482999753888
87.9684273060653
77.8803042290622
77.18230853639
87.6859802010123
91.987472148301
92.9726848285571
1
0
-2.221e-16
2.221e-16
-2.221e-16
-2.22100002710505e-16
2.221e-16
-2.221e-16
-0.000509894290427582
-1.08420217467854e-23
-0.000509894290427591
-2.221e-16
0
0
-2.22100001355253e-16
-2.22100000677626e-16
2.221e-16
0
2.221e-16
2.221e-16
0
-2.221e-16
0.550011658371249
0.550011658371249
0.858488440709353
0.139649988197138
0.0872812426232117
2.221e-16
71.7584114843511
65.1772473690105
53.841037506847
54.260408752184
14.3772635939204
12.7900304522605
98.0005098942904
97.9318976480769
98.0005098942904
97.8461356478618
73.8198169643792
92.1834454146721
92.5769784231487
91.6550071155372
87.8048541123402
78.0147343866114
77.3363790542671
87.5384770240603
91.5916527071737
92.6047773132032
1
-2.221e-16
2.22099999661187e-16
2.221e-16
-2.22099999661187e-16
2.221e-16
0
2.22100002710505e-16
-0.000565180343387577
1.35525273067412e-24
-0.000565180343387128
-2.221e-16
-1.69406597497241e-25
2.22099999322374e-16
-6.77626340685159e-25
-2.221e-16
-3.38813194994483e-25
0
1.69406597497241e-25
-2.22099999661187e-16
0
6.7762635780344e-25
0.550008498238174
0.550008498238174
0.857188977803871
0.222042144377535
0.138776340235959
2.22100000004501e-16
71.1870435950599
66.9338947379385
56.4654052789602
53.875705603116
13.6229215615575
12.1105378727455
98.0005651803434
97.9376381043546
98.0005651803434
97.8590746161674
73.8661624543433
92.30098142446
91.9735750277183
90.7134369027147
87.0783963008452
77.7675510955427
77.1212821376262
86.8263259756242
90.6262246413427
91.9510540382449
1
2.221e-16
-2.221e-16
-2.221e-16
-2.221e-16
2.221e-16
-2.221e-16
0
-0.000514792953295337
-2.22099997289495e-16
-0.000514792953295453
0
-2.221e-16
-2.22099999322374e-16
-2.22099999322374e-16
2.221e-16
2.22100000338813e-16
-2.221e-16
-2.221e-16
2.22100000338813e-16
-2.221e-16
2.22100000677626e-16
0.55000941967239
0.55000941967239
0.858829895121659
0.207689616182296
0.129806010113935
2.06249541379718e-27
71.0849841275609
67.3423382105457
58.7434218077699
54.4998683926731
12.9586033176661
11.5174788577003
98.0005147929533
97.9339028414263
98.0005147929533
97.8529225268928
75.017978181808
92.2952348945812
92.0687888719719
91.0907418429863
87.977467593588
79.2055750177719
78.5968410794988
87.7541495749858
91.0159528403793
92.0481340139478
0
2.221e-16
-2.22100000338813e-16
2.221e-16
-8.47032987486207e-26
2.22099999661187e-16
2.2067891452848e-16
2.22099997289495e-16
-0.000538804814834981
0
-0.000538804814835856
2.221e-16
2.221e-16
2.221e-16
0
2.22099999322374e-16
-2.221e-16
0
0
0
0
-6.77626340685159e-25
0.550008579882555
0.550008579882555
0.858599180165345
0.208934038402145
0.13058377400134
0
76.5958280791449
68.6654172070796
60.6700149681131
55.5440210343878
14.214383067458
12.6392522746193
98.0005388048148
97.9341526474459
98.0005388048148
97.8506387726258
75.0756890271622
92.2912549863887
91.9437880989071
90.8582004503358
87.7502645531486
79.2963435254567
78.7135629225252
87.5332803720288
90.7808906693903
91.9181485983331
1
0
2.221e-16
0
-2.221e-16
-2.221e-16
0
2.221e-16
-0.000587320499770302
-2.22099913263826e-16
-0.000587320499770303
0
-2.221e-16
2.221e-16
-2.221e-16
-2.22099998644747e-16
-2.22099999322374e-16
0
-3.3881317890172e-25
-2.221e-16
2.221e-16
2.221e-16
0.550008980080247
0.550008980080247
0.858807880605899
0.185120051003542
0.115700031877214
-2.221e-16
74.8035827748687
69.8149776510411
62.3714102471804
56.8951351989702
13.5306773924645
12.0283409027521
98.0005873204998
97.9303355418419
98.0005873204998
97.8501656227585
75.7250496193118
92.2269406915489
92.0232719078767
91.1171039020782
88.2319347819334
80.1505095709595
79.5982405254334
88.0321209490126
91.0526236144629
92.0074984969739
1
-2.221e-16
-2.221e-16
2.221e-16
-2.221e-16
-2.22100000338813e-16
-2.221e-16
0
-0.000772074820151264
2.221e-16
-0.000772074820151276
-2.22100043368087e-16
-2.221e-16
-2.221e-16
0
2.221e-16
-2.221e-16
2.22099999661187e-16
3.38813194994483e-25
2.221e-16
-2.221e-16
1.35525273067412e-24
0.550009788674996
0.550009788674996
0.859214010675987
0.154148329931998
0.0963427062074987
0
74.0564191234495
70.0959337458878
63.6180640373918
58.0961728887978
12.9072603418325
11.4582551644088
98.0007720748201
97.9319882033087
98.0007720748201
97.8452107324879
76.3772089583177
92.2048916153023
92.2974147166265
91.5286725781413
88.5989119688416
80.7748578078673
80.234278293087
88.3964971362524
91.4755779069098
92.3038367347763
-2.221e-16
2.221e-16
0
-2.221e-16
-2.22099999999338e-16
2.221e-16
-2.2352108547152e-16
-2.71050541204444e-24
-0.000810106064637375
0
-0.000810106064637391
2.22099956631913e-16
-3.38813194994483e-25
-2.221e-16
-2.221e-16
-2.22099998644747e-16
-2.22099999322374e-16
3.38813194994483e-25
2.22100000338813e-16
-2.221e-16
2.22100001355253e-16
2.221e-16
0.550012867913669
0.550012867913669
0.85955077915397
0.134602235686004
0.0841263973037526
2.221e-16
79.0602545477828
71.0150562976908
64.5928056046607
59.1706656506527
14.1599454737992
12.5828428251169
98.0008101060646
97.9311410039628
98.0008101060646
97.8439472420497
77.3092358677238
92.189809902519
92.4141833922997
91.8342161975669
89.1924019901926
81.8501081865618
81.3431204078239
89.0100398487932
91.7942455188491
92.4297573167579
1
0
0
1.6940658945086e-25
0
-2.221e-16
2.221e-16
0
-0.00069434683009568
0
-0.000694346830095454
2.221e-16
-2.221e-16
2.22099998644747e-16
-2.221e-16
-2.22099998644747e-16
6.77626340685159e-25
-2.221e-16
2.22099999322374e-16
0
2.221e-16
0
0.550013501767744
0.550013501767744
0.859892918429777
0.120142015339743
0.0750887595873398
2.221e-16
76.3139129607083
72.0490534192412
65.5357205306009
60.1681221115153
13.4467365465309
11.9257899558906
98.0006943468301
97.9317258384864
98.0006943468301
97.8434759620246
78.3072737529048
92.1828130827618
92.4409839752659
91.9882158843
89.6407274547669
82.8598826554498
82.3918586564963
89.478746474099
91.9570309004913
92.4588763027779
-2.221e-16
2.221e-16
-2.221e-16
-2.22099999830593e-16
-2.221e-16
2.221e-16
0
2.221e-16
-0.000566487719788594
0
-0.000566487719788568
-2.221e-16
2.221e-16
0
-2.221e-16
-2.221e-16
2.221e-16
2.221e-16
2.22100000338813e-16
-2.221e-16
1.35525273067412e-24
-2.221e-16
0.550011572447169
0.550011572447168
0.859970863013536
0.0965644463637131
0.0603527789773205
2.221e-16
80.3649443644969
72.7581986916471
66.2471286975735
60.9275140338178
14.6394637062534
13.012577042791
98.0005664877198
97.9328816177781
98.0005664877198
97.845430261862
79.3995652859446
92.2023896762213
92.6057849174488
92.4545859729567
90.5375036443639
84.0100342064458
83.5584801985708
90.4055300203269
92.4448451506344
92.6342972871446
1
-2.221e-16
0
0
-2.221e-16
0
2.221e-16
-2.22100002710505e-16
-0.00103235658634201
-2.22100002710505e-16
-0.00103235658634212
-2.221e-16
-2.221e-16
-2.221e-16
-2.22099999322374e-16
-6.7762635780344e-25
0
3.38813194994483e-25
-3.38813194994483e-25
-2.221e-16
2.221e-16
-2.221e-16
0.550009441461997
0.550009441461997
0.859432130080965
0.0603166478046045
0.0376979048778779
-2.221e-16
77.130067297286
73.1280594408722
66.9572328161368
61.2955479019612
13.8512774708157
12.2887552641427
98.0010323565863
97.9380208693758
98.0010323565863
97.8525572255683
80.5134396694014
92.2557330801288
92.8140781680393
93.0668908207467
91.7022443068614
84.9497556672679
84.4834243425609
91.6072808660292
93.0836778373121
92.8521782967115
2.221e-16
2.221e-16
0
2.221e-16
-2.221e-16
2.221e-16
0
2.221e-16
-2.221e-16
2.22099997289495e-16
-2.71050541204444e-24
2.221e-16
2.221e-16
2.221e-16
2.221e-16
0
-2.221e-16
2.22100000338813e-16
-3.3881317890172e-25
0
6.77626340685159e-25
2.221e-16
0.550017205943105
0.550017205943106
0.860744763329844
2.221e-16
7.94382931557559e-28
2.221e-16
79.8523889747086
73.7787663379083
67.4499459243358
61.553452436513
14.9904954442847
13.3293421891737
97.9392828995091
97.8749227921214
97.9392828995091
97.7845875466943
82.1073556795885
92.171993018889
92.8147319936656
93.397758793299
92.7386081867018
86.7676718036303
86.3611630173725
92.6867913699317
93.4313434431586
92.8544751609175
1
2.221e-16
-2.221e-16
-2.221e-16
0
0
2.2067891452848e-16
-2.221e-16
0
-1.35525273067412e-24
-1.35525273067412e-24
2.221e-16
2.221e-16
2.221e-16
-2.221e-16
-2.221e-16
2.221e-16
-2.221e-16
0
-2.22100000677626e-16
2.221e-16
0
0.548988048325152
0.548988048325152
0.852664192186846
-2.221e-16
-1.38050658413677e-30
9.97064470897928e-26
76.9644421326653
73.0128089744609
68.0975424874133
62.0570460154957
14.138422203832
12.5532401953878
96.0593935796984
96.0058421858223
96.0593935796984
95.9484001199873
81.0722464266502
90.9240336957702
91.476248011279
91.9082178917471
91.0919472940089
85.2993295197852
84.9046145949401
91.0285261337341
91.9306127723089
91.5090794785508
0
0
-2.221e-16
2.22099999830593e-16
-2.22100000169407e-16
0
2.221e-16
-2.71050541204444e-24
2.221e-16
0
2.221e-16
-2.221e-16
-2.221e-16
-2.22099999322374e-16
-2.221e-16
-2.221e-16
2.221e-16
2.221e-16
0
-6.77626340685159e-25
-2.221e-16
2.221e-16
0.517656559661639
0.517656559661639
0.849557169049481
0
-2.221e-16
-2.221e-16
79.0973146034922
73.7993373881135
68.7553657224627
62.7481369668307
15.2265168986554
13.5431439875583
93.6129595418644
93.5630862059605
93.6129595418644
93.5168923105485
79.2187383990435
88.68533651522
89.0968441390911
89.3749928441791
88.5372110158779
83.3225982197803
82.9789101984412
88.4761680763959
89.388094853823
89.1203924635131
1
-2.221e-16
2.221e-16
2.22099999830593e-16
-2.221e-16
-2.22100000084703e-16
-2.221e-16
-2.22100002710505e-16
0
1.35525273067412e-24
-2.221e-16
-2.221e-16
-2.221e-16
0
2.221e-16
2.221e-16
3.38813194994483e-25
2.221e-16
2.221e-16
2.221e-16
2.22100000677626e-16
2.22099999322374e-16
0.476882659031074
0.476882659031074
0.843999554578967
-2.221e-16
2.221e-16
2.221e-16
76.2286748690165
72.2193882667834
69.1045787628773
64.1534290554208
14.2998171206627
12.695415624552
90.1576689814639
90.113042834739
90.1576689814639
90.0784055041914
76.0333761670886
85.5132045315184
85.8766352656351
85.9530302980963
84.8136537858882
79.957130386603
79.6473202314189
84.7380997426302
85.95493878132
85.8974763043916
2.221e-16
-2.221e-16
0
2.221e-16
-2.22100000169407e-16
-2.221e-16
2.221e-16
2.22099997289495e-16
0
2.22099999322374e-16
0
0
-2.221e-16
0
2.221e-16
2.22100000338813e-16
-2.221e-16
2.221e-16
0
-2.221e-16
2.221e-16
-3.3881317890172e-25
0.419294483024398
0.419294483024398
0.840746908990967
0
-2.22099999998643e-16
2.221e-16
77.8794167577608
72.5329070170511
69.0298075389874
66.3977343896949
15.3372890990906
13.6407763255428
86.4280504622144
86.3808048533659
86.4280504622144
86.357335369053
72.3101211988164
81.7159358152894
81.9720830358886
81.7741884942124
80.4096933734014
76.4236548872502
76.1902144991395
80.3286254755654
81.7611467388495
81.9856962205693
1
-2.221e-16
0
0
2.221e-16
-2.221e-16
-2.221e-16
2.22099997289495e-16
0
0
2.221e-16
-2.22100000677626e-16
0
3.38813194994483e-25
2.221e-16
0
2.221e-16
2.221e-16
-2.22099999661187e-16
0
0
-2.221e-16
0.357134174370241
0.357134174370241
0.866664696428977
0
0
1.61716485570307e-27
73.1505329188356
68.8935379285001
69.0092033389505
68.1572403878016
14.3314652918598
12.7312065401295
86.5062730969648
86.4274460893276
86.5062730969648
86.3092825053585
73.9582958399967
79.8024252284051
79.8032157594119
79.8040372637762
79.8048912020111
79.8049620155207
79.8049445222877
79.8049128694203
79.8040580990658
79.8032357995893
2.221e-16
0
-1.69406597497241e-25
-2.221e-16
0
0
1.42108547152019e-18
2.221e-16
2.22100000677626e-16
2.221e-16
2.22099999322374e-16
2.221e-16
-2.221e-16
2.221e-16
2.221e-16
0
2.221e-16
2.221e-16
-2.221e-16
-2.22100000338813e-16
0
0
0.358437884949414
0.358437884949414
0.848011384551295
2.221e-16
-2.221e-16
-2.22100000000289e-16
72.4232161835549
69.4709618694986
69.228282268655
68.6657808974165
15.3320799624809
13.6578009422552
84.2104367124412
84.1458583589102
84.2104367124412
84.0928098644481
73.241276801144
78.3882384142108
78.3987915387591
78.4093754769491
78.4199905830724
78.4305169862086
78.430793047898
78.4202718911449
78.4096559587515
78.399071203667
1
0
2.221e-16
2.221e-16
-2.221e-16
0
-2.2352108547152e-16
-2.22099997289495e-16
0
0
3.38813194994483e-25
2.221e-16
2.221e-16
-2.221e-16
0
2.22100000338813e-16
-2.221e-16
-3.38813194994483e-25
0
-2.221e-16
2.221e-16
-2.221e-16
0.320173945207353
0.320173945207354
0.836377207936613
2.221e-16
0
4.6080608927764e-06
69.3938390555495
65.8749723066541
69.4125464747906
68.4412178635277
14.2645095118628
12.6902938552159
81.1075711905948
81.0525884300682
81.1075711905948
81.0172973079835
70.5368413665901
75.4370866897625
75.4580763461959
75.4791179086763
75.50021165387
75.5212844347702
75.5217834814669
75.5007127965888
75.4796178115759
75.4585750158336
-2.221e-16
0
-1.6940658945086e-25
2.22100000084703e-16
2.22100000084703e-16
2.22100000042352e-16
-2.2352108547152e-16
0
0
2.221e-16
2.221e-16
0
2.221e-16
2.22100000169407e-16
1.69406597497241e-25
-2.221e-16
1.6940658945086e-25
-2.221e-16
-2.221e-16
-2.22099999830593e-16
-2.22100000169407e-16
-2.221e-16
0.268459519843247
0.268459519843247
0.820343748061034
-2.221e-16
-2.221e-16
2.22100000000332e-16
68.9909144317942
67.6504079465131
69.354121483229
67.7691402486709
15.2329215341108
13.5859236389975
77.1950030069733
77.1462380681346
77.1950030069733
77.1282882215803
66.4706061868322
71.3421362109505
71.3765542364636
71.4110701618678
71.4456845536156
71.4803492600888
71.481024161973
71.4463593490644
71.4117430376008
71.377225203517
1
-2.221e-16
2.221e-16
0
2.221e-16
2.22099999989412e-16
0
0
2.221e-16
0
0
-2.22099999830593e-16
-2.221e-16
-2.221e-16
1.69406597497241e-25
2.221e-16
2.221e-16
2.22100000169407e-16
2.221e-16
-2.221e-16
2.221e-16
-2.221e-16
0.203250050116222
0.203250050116222
0.798138887772496
2.2210000000148e-16
-2.22099999918527e-16
0
66.8272355594424
64.0076487929218
69.08197057989
66.978573253722
14.0697447015775
12.5020008153102
72.883634594217
72.8370626260191
72.883634594217
72.8318320867098
61.0634799219178
66.1448513881529
66.2038939468509
66.2632092822506
66.3228014217155
66.3826134337273
66.3834302750916
66.3236160354408
66.2640201115392
66.2047010467664
2.221e-16
-2.221e-16
0
2.221e-16
-2.221e-16
2.221e-16
-2.221e-16
2.221e-16
0
-2.22100000169407e-16
0
0
-2.221e-16
2.22100000084703e-16
0
0
-2.221e-16
0
2.221e-16
-2.221e-16
2.22099999915297e-16
0
0.131393909903616
0.131393909903617
0.748221612463837
9.82723965717141e-26
2.22099999906542e-16
2.22100000000073e-16
66.7014448709554
66.146350568718
68.6298553970637
66.1084464086247
14.9902178377575
13.3606477274095
68.4630752177703
68.3966475609957
68.4630752177703
68.4172738196341
54.5401689901854
59.7764903964052
59.9039050064746
60.0327268613699
60.1629915321983
60.2946600153071
60.2956580005287
60.1639794247037
60.0337038098832
59.9048712808164
1
-2.221e-16
2.221e-16
-2.221e-16
2.221e-16
-2.221e-16
2.2352108547152e-16
-2.221e-16
2.221e-16
-8.47032987486207e-26
2.221e-16
0
4.2351624722407e-26
2.221e-16
2.221e-16
1.32348898008484e-27
-2.221e-16
-2.221e-16
-2.22099999989412e-16
0
0
-2.221e-16
0.057717920296172
0.0577179202961718
0.708375787828288
0
2.221e-16
2.22100000013521e-16
64.8253706549522
62.196669988799
68.0755531993298
65.3040526302719
13.7029387441712
12.1296774273719
62.8635069697242
62.8905953764593
65
64.7726669413382
47.3505682465241
51.9094442336815
52.4498573265444
53.0091396434057
53.587864142723
54.1857647257371
54.1871790823182
53.5892337565466
53.0104632428684
52.4511362667087
0
0
0
-2.221e-16
-2.221e-16
-2.221e-16
-2.221e-16
-2.71050543121376e-24
2.221e-16
2.22099999957648e-16
0
0
2.221e-16
-2.22099999915297e-16
2.221e-16
1.32351138373455e-27
-2.22099999989412e-16
2.221e-16
2.22099999989412e-16
2.221e-16
0
0
0
0
0.841268047772207
2.221e-16
-3.08791712739713e-26
-1.52003635674774e-28
64.771003830707
64.4117735419539
67.4631332825607
64.5019497901995
14.5653275143493
12.9519464980817
54.1195277530719
58.3462147320492
61.6982241571712
60.0180965243719
40.5197898494897
43.840554870615
52.4504930659827
53.0098169747805
53.5885716697832
54.1835758336967
54.1835753528665
53.588571662144
53.0098169661422
52.4504930625767
1
0
-2.22099999915297e-16
0
-2.22099999989412e-16
2.221e-16
-2.221e-16
0
2.221e-16
2.221e-16
2.221e-16
-2.22099999978824e-16
-2.221e-16
0
-2.221e-16
2.221e-16
2.221e-16
1.05878938546501e-26
0
0
0
-2.221e-16
2.221e-16
-2.221e-16
0.841268047772207
2.221e-16
-1.72329622973925e-26
2.221e-16
62.8957729582406
60.0594548727442
66.8269250192715
63.7823861578781
13.1366684768921
11.5533490605087
43.8606805554345
54.2586101837186
57.4981917713172
55.7437751808196
35.4208145639121
37.8397314674284
52.4504368159467
53.0097991673529
53.5885558401318
54.1803078720965
54.1803072221292
53.5885558314566
53.0097991582967
52.4504368152372
2.221e-16
2.221e-16
-2.221e-16
2.221e-16
-2.221e-16
0
2.221e-16
-2.221e-16
-2.221e-16
0
-2.22100000005294e-16
-2.22099999989412e-16
0
2.22099999830593e-16
-2.221e-16
0
-2.221e-16
-1.05878938546501e-26
0
-2.221e-16
2.22100000001324e-16
2.221e-16
-2.221e-16
-2.221e-16
0.841268047772207
0
-3.34868603135679e-26
-2.22100000000152e-16
62.7917969184883
62.3390557696749
66.1898647050451
63.0681743830301
13.9353905071327
12.342430698498
36.7032125728305
50.5749764348977
53.6902330787954
51.894274037292
31.5787568933399
33.3407299734033
52.4503625294602
53.0097800419005
53.5885335477972
54.1767719012423
54.1767713185261
53.5885335379499
53.0097800323625
52.4503625306388
1
-2.221e-16
-2.221e-16
1.32351138373455e-27
-2.221e-16
0
0
-2.22100002710505e-16
2.22099999661187e-16
0
2.11758236813575e-26
-2.221e-16
-2.221e-16
2.22099999661187e-16
2.221e-16
0
-2.221e-16
1.05879118406788e-26
2.221e-16
-2.221e-16
2.221e-16
0
0
0
0.841268047772207
2.221e-16
-2.22100000016041e-16
9.86076131526265e-32
60.8222397222814
57.5242767506663
65.552022392561
62.4267478719231
12.3538744359751
10.7582422865786
31.6601952675538
47.2486184468669
50.2316456546536
48.4205710049701
28.6485220155239
29.931956963402
52.4502727261539
53.0097598004987
53.5885041993664
54.1728203287926
54.1728195389654
53.5885041882137
53.0097597904452
52.4502727285981
1
0
-2.11758236813575e-26
2.221e-16
2.221e-16
2.22099999915297e-16
-2.221e-16
2.221e-16
3.38813194994483e-25
-2.221e-16
4.2351624722407e-26
2.221e-16
-2.22100000338813e-16
-2.221e-16
2.221e-16
0
2.221e-16
0
2.221e-16
0
2.22099999998676e-16
0
-2.221e-16
2.221e-16
0.841268047772207
2.221e-16
-1.56818939987946e-26
2.22100000008658e-16
58.233765891906
53.4068064013361
64.8379192828068
61.6914204799536
10.7030516126281
9.14807822430744
28.0580599369834
44.2383151418326
47.0844598147248
45.2793781435711
26.3793287832813
27.314195642819
52.4501691256046
53.0097386015055
53.5884667912131
54.1676989385651
54.1676979464093
53.5884667785525
53.0097385909121
52.4501691288372
-2.221e-16
2.221e-16
2.22100000002647e-16
-2.11758236813575e-26
-4.2351647362715e-26
2.22099999830593e-16
1.4210854715202e-18
-2.221e-16
-1.6940658945086e-25
2.22099999915297e-16
-2.22100000084703e-16
-2.221e-16
-2.221e-16
-2.22100000169407e-16
0
2.221e-16
2.221e-16
2.221e-16
-2.22099999989412e-16
5.29395592033938e-27
0
-2.64697346366253e-27
0
0
0.841268047772207
0
-2.22100000057268e-16
2.97022765727786e-31
58.0258156335335
58.6431912041157
63.5267803854577
60.2310841987243
12.1673977548517
10.6815320494085
23.6469882776312
39.0819792634809
41.6470137484956
39.9034914941492
23.2850074240486
23.7810547289847
52.450023840558
53.0097152461075
53.588418878207
54.1626301739516
54.1626297801164
53.5884188710943
53.0097152405774
52.4500238454236
2.221e-16
-2.221e-16
2.22099999989412e-16
-2.22099999978824e-16
2.22099999957648e-16
2.221e-16
-2.221e-16
-2.22099998644747e-16
0
0
2.22099999915297e-16
-2.221e-16
2.22099999661187e-16
2.221e-16
-2.22100000002647e-16
2.221e-16
-2.221e-16
2.221e-16
2.22100000005294e-16
2.22100000005294e-16
2.22100000000662e-16
0
2.221e-16
-2.221e-16
0.841268047772207
-2.221e-16
2.74124234183644e-27
0
59.1790483268948
60.8150868473388
62.6063335640829
59.5807905019003
13.4422801584935
11.8745132958615
21.0373286683326
34.7951426085245
37.0868632853299
35.4434033297212
21.1581265995578
21.4213244922048
52.4498588111333
53.0096888222131
53.5883577988146
54.1583029533553
54.15830260658
53.5883577905189
53.0096888161839
52.449858816122
-2.221e-16
-2.221e-16
0
0
2.221e-16
-8.47032987486207e-26
2.221e-16
2.22100002710505e-16
2.22099999661187e-16
0
0
0
2.22099999661187e-16
0
0
2.22100000001324e-16
5.29394692732506e-27
-2.22099999989412e-16
-2.221e-16
-2.22099999994706e-16
-2.22099999998676e-16
-2.221e-16
-2.221e-16
-2.221e-16
0.841268047772207
2.22099999999861e-16
-2.22100000066599e-16
2.221e-16
60.2637755337689
61.7231861049602
62.0638272217481
59.4326500941852
14.4894148698997
12.828448478928
19.2617029443814
31.1917462360306
33.2267109200964
31.7032931975749
19.5386478086136
19.6783003085796
52.4496750303642
53.0096592182684
53.5882822528313
54.1544844143008
54.1544841052779
53.588282243234
53.0096592117132
52.4496750352134
0
-2.221e-16
-2.11758236813575e-26
-2.221e-16
0
-2.22100000169407e-16
-2.2138945726424e-16
1.35525271560688e-24
2.221e-16
2.22099999830593e-16
-2.221e-16
2.22099999830593e-16
0
2.221e-16
2.22099999997353e-16
-2.22099999999338e-16
-2.221e-16
-2.22099999994706e-16
5.29394692732506e-27
2.221e-16
2.221e-16
2.22099999997353e-16
2.221e-16
0
0.841268047772207
9.99845762820688e-26
-4.54775893659041e-26
2.221e-16
61.0420116910785
62.10826824592
61.7819243908597
59.4899437033946
15.3331326856239
13.5914676116964
17.8778319707066
28.1287085070972
29.9281089383634
28.5323738711731
18.1906761712675
18.2647743016157
52.4494727229889
53.009626326175
53.5881909368323
54.1511062515059
54.1511059774732
53.5881909258174
53.0096263190715
52.4494727274991
-2.221e-16
0
-4.2351647362715e-26
-2.22100000042352e-16
-2.221e-16
-2.221e-16
2.221e-16
1.35525273067412e-24
0
0
-1.69406597497241e-25
-2.22100000169407e-16
2.22099999661187e-16
2.221e-16
2.22099999997353e-16
2.221e-16
-2.221e-16
2.22100000005294e-16
-2.22099999994706e-16
-2.221e-16
2.221e-16
-2.64697346366253e-27
2.221e-16
2.221e-16
0.841268047772207
2.22100000000016e-16
2.22099999959344e-16
-2.221e-16
61.5503622277002
62.266409594069
61.6453204909143
59.6142154278947
16.0028809713214
14.1957279034917
16.688973302775
25.4968916174709
27.0837479676275
25.8154271653962
16.9974902323631
17.0368054503831
52.4492517435449
53.0095901778832
53.5880828735249
54.148150650225
54.1481504104682
53.5880828610073
53.0095901702239
52.4492517475697
0
2.221e-16
-2.22100000042352e-16
-2.22100000084703e-16
0
-2.22100000169407e-16
3.5527136788005e-19
-2.22099998644747e-16
0
-2.22100000338813e-16
0
-2.22100000338813e-16
2.221e-16
-2.221e-16
0
6.61755691867276e-28
5.29394692732506e-27
-2.221e-16
5.29394692732506e-27
-2.221e-16
-2.22099999998676e-16
0
0
-2.221e-16
0.841268047772207
2.221e-16
-2.34986379485301e-26
-2.221e-16
61.8624647783072
62.3140638762428
61.5759933126228
59.7566602504602
16.524613344317
14.6658284130344
15.6125850274419
23.2138447834024
24.6111621284771
23.4652040403992
15.9053240621235
15.9261837708495
52.44901216257
53.0095511016451
53.5879578548834
54.145614094323
54.1456138884658
53.5879578408491
53.0095510934503
52.4490121660277
2.221e-16
0
-4.2351624722407e-26
-8.47032987486207e-26
-2.22100000084703e-16
2.22099999830593e-16
3.5527136788006e-19
-2.221e-16
0
2.22099999661187e-16
0
2.22099999661187e-16
-2.22100000677626e-16
2.221e-16
-2.64697346366253e-27
6.61755691867276e-28
-2.22099999994706e-16
5.29394692732506e-27
1.05878938546501e-26
2.221e-16
6.61755691867276e-28
0
0
-2.221e-16
0.841268047772207
2.22100000099286e-16
2.22099999991901e-16
-2.221e-16
62.038689290705
62.2983103374953
61.5292880923261
59.9042320990049
16.9204812052532
15.0220105048095
14.6190629068513
21.2180293749011
22.4476414317101
21.4163794266672
14.893496006021
14.9045633472706
52.4487546650211
53.0095098120895
53.5878168105066
54.1434874499445
54.1434872766866
53.5878167950446
53.0095098034149
52.4487546679084
2.221e-16
-2.221e-16
-4.2351624722407e-26
2.221e-16
-8.47032987486207e-26
-2.22100000169407e-16
-2.22055591079015e-16
0
-2.22100000677626e-16
-2.22100000338813e-16
-3.38813194994483e-25
2.22099999661187e-16
-2.221e-16
-6.77626340685159e-25
-5.29395592033938e-27
2.221e-16
-2.22099999994706e-16
0
2.22100000010588e-16
-2.22099999994706e-16
-2.22099999999338e-16
-2.22100000005294e-16
-2.221e-16
2.221e-16
0.841268047772207
-2.22100000000496e-16
2.22099999994962e-16
9.86076131526265e-32
62.121835078598
62.2409731961003
61.4829136730523
60.0537047836946
17.2098453684716
15.2818709891005
13.7030060777228
19.4642177047012
20.5461164856484
19.6207380177907
13.9584420429172
13.9643136596164
52.4484806159858
53.0094673268018
53.5876617662726
54.141740316876
54.1417401729109
53.5876617495695
53.0094673177305
52.4484806183698
0
0
-2.221e-16
2.221e-16
0
-2.22100000169407e-16
0
1.35525273067412e-24
2.221e-16
2.22099999661187e-16
2.22099999661187e-16
-2.22100000338813e-16
-2.221e-16
-2.22100000677626e-16
2.221e-16
2.22100000000662e-16
-2.221e-16
2.22100000005294e-16
5.29394692732506e-27
5.29394692732506e-27
-2.22099999999338e-16
-2.22100000002647e-16
0
-2.221e-16
0.841268047772207
2.2209999990004e-16
2.22099999993821e-16
-2.221e-16
62.1407915372515
62.1545538335325
61.4238488988384
60.2043937641371
17.4099699713812
15.4613103981182
12.8696096649005
17.9197526986963
18.8717566417341
18.0432645939651
13.1050548990627
13.1081696181187
52.4481917409745
53.0094247073343
53.5874952535687
54.1403117562216
54.1403116354993
53.5874952358528
53.0094246979542
52.4481917429551
0
0
-2.22100000084703e-16
-8.47032987486207e-26
2.221e-16
-1.69406597497241e-25
2.2227763568394e-16
-2.221e-16
2.221e-16
-6.77626340685159e-25
-2.22099999661187e-16
2.22099999322374e-16
-1.35525271560688e-24
2.22099998644747e-16
2.22099999997353e-16
0
2.22100000005294e-16
-2.221e-16
-2.22099999994706e-16
-2.221e-16
6.61755691867276e-28
-2.221e-16
0
0
0.841268047772207
2.22099999901629e-16
-2.22100000006962e-16
-2.221e-16
62.0827813585936
61.9911420975726
61.3062148973024
60.3562909976419
17.5379930796962
15.5837043045411
12.1282692259629
16.5616420876385
17.3992958112591
16.6591067988455
12.3420727637755
12.3437246578258
52.4478900283607
53.0093829963763
53.5873199772108
54.1389707145332
54.1389705839965
53.5873199587079
53.0093829867743
52.4478900300586
2.221e-16
0
2.22099999915297e-16
-8.470329472543e-26
0
-1.6940658945086e-25
-2.221e-16
0
-1.35525271560688e-24
0
2.22099999322374e-16
2.22099999322374e-16
2.221e-16
2.221e-16
2.221e-16
2.22100000001324e-16
0
2.22100000005294e-16
-2.22099999994706e-16
5.29395592033938e-27
2.221e-16
0
0
0
0.841268047772207
2.221e-16
-3.84204843126579e-27
9.86076131526265e-32
62.0090733932004
61.8516732776053
61.2204681281495
60.4661634500316
17.6104571060106
15.6508137272164
11.4893880028869
15.3741113374814
16.1107372510927
15.4510219790562
11.6794258467978
11.6803015379842
52.4475766624736
53.0093426985681
53.5871371075964
54.1375469045429
54.1375467675171
53.5871370884059
53.0093426887839
52.4475766639296
2.221e-16
0
-2.22100000084703e-16
2.221e-16
-2.221e-16
-1.69406597497241e-25
2.84217094304038e-18
-2.22100001355253e-16
0
0
2.22099999322374e-16
-2.22100000677626e-16
2.221e-16
-2.22100001355253e-16
0
-2.22099999999338e-16
2.22100000005294e-16
-2.22099999989412e-16
-2.22099999989412e-16
5.29394692732506e-27
6.61755691867276e-28
-2.22100000002647e-16
-2.221e-16
2.221e-16
0.841268047772207
-3.02187467848816e-26
-2.22100000000721e-16
0
61.9258705998732
61.7309539373532
61.1548455493352
60.5452389580986
17.6392031574093
15.678395630352
10.9628363244506
14.3466962612111
14.9935430084883
14.4073874998717
11.1267972369369
11.1272610488036
52.4472519252818
53.009303821812
53.5869465429833
54.13606309378
54.1360629518417
53.5869465230974
53.0093038118422
52.4472519264479
0
2.221e-16
-2.221e-16
2.22099999915297e-16
-2.22100000169407e-16
-2.22100000169407e-16
-2.16415658113919e-16
0
2.22099998644747e-16
-6.77626340685159e-25
-2.221e-16
-6.77626340685159e-25
-2.221e-16
-1.35525273067412e-24
-2.22100000002647e-16
-2.22099999999338e-16
2.221e-16
-2.221e-16
2.221e-16
2.22100000005294e-16
0
2.221e-16
0
-2.221e-16
0.841268047772207
-2.221e-16
2.22100000004476e-16
2.22100000000045e-16
61.8375708617481
61.6247185580968
61.1018430361011
60.6013402805103
17.6460839087811
15.6850122466219
10.5571276218364
13.4726855247593
14.0391331313792
13.5205779075265
10.6927643631529
10.6930096104667
52.4469161570853
53.0092663689191
53.5867482199994
54.134533693372
54.1345335475449
53.586748199413
53.0092663587607
52.4469161579119
