52
50
48
45
18
16
20
20
22
22
18
20
11
11
11
11
32
32
32
32
9.72489963488024e-26
1
6.77626355476301e-24
-2.22099993223736e-16
-2.221e-16
8.67361737967893e-22
-2.77555756156289e-20
-1.35525271588298e-23
-2.221e-16
3.3881317890172e-24
-2.221e-16
-2.22099996611868e-16
2.221e-16
-2.22099996611868e-16
-2.221e-16
0
3.3881317890172e-24
-2.22099996611868e-16
0
-2.221e-16
0
2.221e-16
2.221e-16
-2.22099999964007e-16
0.754284656363946
7.81497381708839e-26
-2.22100000007088e-16
2.22099999999994e-16
51.9601557562464
49.9960765728698
47.9788994997991
45.0503412846617
17.5007370144974
15.0115822502712
19.2687445273065
19.7667761746262
21.7371522045892
21.7199616951933
17.5109078937388
19.38808530788
22.0023838087535
22.0025056620574
22.002505499325
22.0025059845513
22.0025059843921
22.0025054990825
22.00250566201
22.0023839432751
0
1
6.77626355476301e-24
-2.22099993223736e-16
-2.221e-16
-4.33680868983947e-22
-2.221e-16
0
2.22100003388132e-16
-2.22099996611868e-16
-2.22099996611868e-16
-2.22099996611868e-16
-2.22099996611868e-16
0
-2.22099996611868e-16
2.22100003388132e-16
-2.221e-16
0
2.221e-16
0
0
3.38813180203341e-24
-2.221e-16
-2.09048139883568e-28
0.785880355654797
2.22099999999968e-16
-2.22099999975324e-16
2.22099999998795e-16
51.9209477025989
49.9912338806673
47.9593484251204
45.0994167529017
16.9690942892618
14.0895366180015
18.5907002073133
19.5388675066708
21.4799444874639
21.4463333498768
17.051468321725
18.8133703509926
22.0023039325777
22.0025057783636
22.0025050876943
22.002507154081
22.0025071535855
22.0025050872077
22.002505778197
22.0023040179398
2.221e-16
1
0
-2.221e-16
1.35525271588298e-23
2.221e-16
-5.42101086353193e-23
2.22099986447473e-16
6.7762635780344e-24
3.38813180203341e-24
0
2.22100003388132e-16
6.77626355476301e-24
2.221e-16
-2.221e-16
2.22100003388132e-16
2.221e-16
-2.221e-16
2.221e-16
-2.22099996611868e-16
3.38813180203341e-24
3.38813180203341e-24
-2.221e-16
2.22099999999635e-16
0.791017631196746
-2.221e-16
2.221e-16
-2.22100000001205e-16
51.8823479841396
49.985542067076
47.9412533279897
45.1472771968079
16.2791552114273
13.6325487928691
17.9619479520588
19.3161408987657
21.2282419278666
21.1789547718336
16.6198449951276
18.2735503177809
22.0022183615328
22.0025060142033
22.0025044042523
22.0025091161546
22.0025091153906
22.0025044035253
22.002506013909
22.0022184511104
-2.221e-16
1
0
-2.22099993223736e-16
0
2.16840434491973e-22
2.22099972894946e-16
2.221e-16
2.22100003388132e-16
3.38813180203341e-24
0
-2.221e-16
2.221e-16
3.3881317890172e-24
-2.221e-16
2.221e-16
2.221e-16
-2.22099996611868e-16
0
-2.22099996611868e-16
3.38813180203341e-24
2.221e-16
2.221e-16
-3.65341206730481e-28
0.795581874823953
2.221e-16
0
-2.22100000001206e-16
51.8443314682933
49.9790665087181
47.9245275020367
45.1939686587872
15.652409088099
13.2754751848503
17.3788736205156
19.0984788322282
20.9819284417964
20.9176849353842
16.2143368664664
17.7664912627774
22.0021296774782
22.0025063939789
22.0025034514368
22.0025118788615
22.0025118778178
22.0025034504707
22.0025063935325
22.0021297689287
0
1
6.77626355476301e-24
2.22100006776264e-16
0
0
-2.221e-16
0
-2.221e-16
-2.22099993223736e-16
2.221e-16
2.221e-16
-2.22099993223736e-16
-2.22099996611868e-16
3.38813180203341e-24
-2.22099996611868e-16
2.22100003388132e-16
2.22100003388132e-16
3.38813180203341e-24
3.38813180203341e-24
0
3.38813180203341e-24
-2.221e-16
2.22099999982355e-16
0.799617447288543
0
2.2210000002489e-16
-2.22100000001206e-16
51.8068742021373
49.9718686753038
47.9090886174923
45.2395358821288
15.0945209388419
12.9959226918209
16.8381170908114
18.885761802065
20.7408852049242
20.6623802693487
15.8333361641722
17.2901762922435
22.0020397989341
22.0025069417941
22.0025022313389
22.002515447882
22.0025154465497
22.0025022301353
22.0025069411723
22.0020398905512
-2.22100000004016e-16
1
0
0
-2.22099986447473e-16
2.22100216840435e-16
-2.71050543176596e-23
-2.22100001694066e-16
-2.22099993223736e-16
3.3881317890172e-24
3.38813180203341e-24
3.38813180203341e-24
-2.221e-16
2.22100003388132e-16
2.22100003388132e-16
2.221e-16
-2.221e-16
0
2.221e-16
0
2.221e-16
3.38813180203341e-24
-2.221e-16
2.22099999975072e-16
0.803165313462138
-2.221e-16
2.49343154922257e-26
-1.20730231163418e-27
51.7699537622224
49.9640059782203
47.8948592309975
45.2840213646433
14.6053717863189
12.7767120900596
16.3365709721261
18.6778733928356
20.5049961514061
20.412900773057
15.4753367276793
16.8427159660745
22.0019500691819
22.0025076807756
22.0025007460342
22.002519827239
22.0025198256113
22.0025007445946
22.0025076799562
22.0019501597828
2.221e-16
1
0
2.22100006776264e-16
2.221e-16
2.22100108420217e-16
0
-2.221e-16
2.221e-16
-2.22099996611868e-16
2.22100003388132e-16
-2.221e-16
-2.221e-16
0
-2.221e-16
2.221e-16
-2.22099996611868e-16
0
0
0
3.3881317890172e-24
0
0
-2.49784917029181e-26
0.806261228164479
2.221e-16
2.49784917029181e-26
-1.20762388174958e-27
51.7335498217628
49.9555327253943
47.8817671112021
45.3274661176128
14.1818178254569
12.6059990959839
15.8718599454056
18.4748605572216
20.2742984625587
20.169270312454
15.1393463674112
16.4227585819739
22.0018613639767
22.0025086328401
22.0024989975993
22.0025250193975
22.0025250174691
22.0024989959251
22.002508631802
22.0018614528057
2.22099999995845e-16
1
-2.221e-16
0
-2.221e-16
1.0842021724855e-22
2.221e-16
4.23516493743103e-25
-2.22099993223736e-16
-2.22099996611868e-16
-2.22099996611868e-16
-2.221e-16
-2.221e-16
0
2.22100003388132e-16
0
0
3.38813180203341e-24
2.221e-16
-2.221e-16
2.221e-16
2.221e-16
2.221e-16
-2.50226679136105e-26
0.80893835718715
2.221e-16
2.221e-16
-1.20794326111967e-27
51.6976426395963
49.9464994695407
47.8697433792864
45.3699088743675
13.8188071442439
12.4730372481069
15.4412747138106
18.2766087537983
20.0486778480748
19.9313516674858
14.8240104180154
16.0286113231376
22.0017741917881
22.0025098185267
22.0024969881007
22.0025310253129
22.0025310230803
22.0024969861933
22.0025098172501
22.0017742784477
2.22099999902738e-16
1
0
6.77626355476301e-24
1.35525271588298e-23
0
2.221e-16
2.22100001694066e-16
-2.22099993223736e-16
2.221e-16
0
-2.22099996611868e-16
0
6.77626355476301e-24
-2.221e-16
2.221e-16
0
0
0
-2.22099996611868e-16
2.22100003388132e-16
2.221e-16
2.221e-16
-2.22100000025061e-16
0.811229309868114
-2.221e-16
-2.221e-16
-2.22100000001208e-16
51.6622137959381
49.9369553776576
47.8587234499292
45.4113881877158
13.5103045188945
12.3695256251073
15.0423159751236
18.0830065668247
19.8280229103965
19.6990113129935
14.5280629455706
15.6586922526104
22.0016887302738
22.0025112570825
22.002494719579
22.0025378461208
22.0025378435836
22.0024947174399
22.0025112555491
22.0016888146486
2.221e-16
1
0
2.221e-16
1.35525271560688e-23
1.77635683940025e-18
2.221e-16
2.22100006776264e-16
2.22100006776264e-16
3.38813180203341e-24
3.38813180203341e-24
-2.221e-16
0
-2.22099993223736e-16
-2.221e-16
3.3881317890172e-24
2.221e-16
-2.22099996611868e-16
0
0
-2.22099996611868e-16
-2.221e-16
-2.221e-16
2.22099999974895e-16
0.813144049870061
0
-2.22099999975312e-16
2.22099999999649e-16
51.7279065620022
49.9320309216334
47.8666810999692
45.5253422981908
13.2532969338026
12.1735098459949
14.6726663517178
17.8939441138825
19.6122234540572
19.4721175011613
14.2503140545196
15.3115144490523
22.0016048255434
22.0025129662695
22.0024921246665
22.0025884872661
22.0025885561498
22.0024921222341
22.0025129644623
22.0016049077928
-2.221e-16
1
0
-2.2227763568394e-16
2.221e-16
2.221e-16
-2.221e-16
-2.221e-16
-2.221e-16
-2.22099999322374e-16
-2.221e-16
0
0
-2.221e-16
-2.221e-16
-2.22099999322374e-16
2.221e-16
-2.221e-16
0
0
-2.221e-16
0
0
2.22099999974838e-16
0.767353726316652
2.22099999971084e-16
2.22100000007093e-16
0
52.2145651280843
49.0227315072035
47.7683890461469
45.7723457889835
12.2637003573849
12.0450172717555
13.1937169227943
17.012995870083
18.6023248094621
18.414898349346
13.0974865951369
13.8704883685191
22.0012809072473
22.0025145319521
22.0024889810733
22.0027926503167
22.0027926970351
22.0024889804881
22.0025145316252
22.0012809757078
0
1
0
2.221e-16
-2.221e-16
-2.221e-16
0
-2.22099997289495e-16
0
-2.221e-16
-2.221e-16
2.221e-16
0
2.221e-16
-6.77626340685159e-25
2.221e-16
-2.221e-16
0
-2.221e-16
2.22099999322374e-16
0
-2.221e-16
0
2.22099999974794e-16
0.768999787831348
-2.22100000028898e-16
-2.2209999996374e-16
-2.22100000001023e-16
51.9631612777037
48.9997199462549
47.6566554738898
46.0317752781847
10.7745111694814
13.8272414359632
12.1947749683659
16.2344680897293
17.7023865405111
17.4797823177735
12.2675111565671
12.8305656071374
22.0009117988423
22.0025163140667
22.0024848002506
22.0031439881584
22.0031440502418
22.0024847994706
22.0025163136935
22.0009118742755
0
1
-2.22099994578989e-16
2.221e-16
-5.42101087339269e-24
2.221e-16
-2.221e-16
2.221e-16
-2.221e-16
-2.221e-16
2.221e-16
2.221e-16
2.22100002710505e-16
0
-2.221e-16
0
-2.221e-16
-2.221e-16
0
2.221e-16
0
2.221e-16
-2.221e-16
-2.52498598543141e-26
0.769873501276893
1.79885746196194e-27
2.2210000002214e-16
-1.07802773079109e-27
51.7020988202914
49.0753570281623
47.5948293001457
46.2684984955983
9.67483942307098
15.6444936795192
11.5345908518425
15.5507287186872
16.9044347971123
16.656941818183
11.6819909620338
12.0921042847859
22.000509987206
22.0025183376638
22.0024798756925
22.0035428443847
22.0035429151852
22.0024798747748
22.0025183372402
22.000510067686
0
1
2.221e-16
-2.2227763568394e-16
-2.22099994578989e-16
-2.221e-16
2.221e-16
0
0
-2.221e-16
-2.221e-16
2.221e-16
-2.221e-16
2.221e-16
-2.221e-16
0
-2.221e-16
-6.77626340685159e-25
0
0
-2.221e-16
-2.22100000677626e-16
-2.221e-16
-2.22100000025294e-16
0.770186340742102
-8.94583550700666e-26
2.22100000024586e-16
-5.19051770040841e-28
51.4610162836707
49.1703119706892
47.5749595639071
46.4723357133631
8.83366195610175
17.5774743251106
11.1166133302414
14.9549680587913
16.2013045957622
15.9376164058436
11.28376360798
11.5824732162098
22.0000837932055
22.0025206191131
22.0024741012604
22.0039955284104
22.0039956085541
22.0024741001854
22.0025206186364
22.0000838773966
0
1
-5.42101087339269e-24
2.2227763568394e-16
2.221e-16
2.2227763568394e-16
-2.22100001355253e-16
-1.65674260396578
-2.22100002710505e-16
-2.221e-16
-2.22100001355253e-16
-2.221e-16
2.22099997289495e-16
0
-2.221e-16
0
-2.221e-16
2.221e-16
0
2.221e-16
2.221e-16
0
-2.221e-16
2.22099999974668e-16
0.770074016879371
-2.22100000031111e-16
-2.2821627061734e-26
-4.288297184588e-27
51.2458900165633
49.2560895690865
47.5866516781172
46.6437227729322
8.19357910460729
19.6567426039658
10.8746491280543
14.4410811644978
15.5865307043663
15.3139663042951
11.0310136936431
11.2485744745409
21.9996391015358
22.0025231675939
22.0024673641782
22.0045039417274
22.0045040313519
22.0024673629253
22.0025231670627
21.9996391884886
1
-2.221e-16
0
0.402617284266077
-2.22099989157978e-16
0
0.78375803994891
0
2.221e-16
-2.221e-16
2.221e-16
-2.22100001355253e-16
2.221e-16
2.221e-16
-2.22099999322374e-16
-2.221e-16
0
-6.77626340685159e-25
-6.7762635780344e-25
0
2.221e-16
-2.221e-16
0
-2.22100000025382e-16
0.769638015644577
2.22100000099992e-16
0
0
49.5376668484617
44.5973827157339
47.432195261302
46.7739740829717
7.21624196005109
16.9150354440724
10.7633034342767
14.003579645112
15.0542657589364
14.7789616934141
10.8931274468754
11.0515759797273
21.9991802547144
22.0025259867158
22.0024595349255
22.0048456561854
22.0048456784219
22.0024595334663
22.0025259861294
21.9991803437141
1
-2.221e-16
-2.221e-16
2.35931940595768
-1.0842021724855e-23
0.320694494027869
1.99046894117413
-2.221e-16
-2.71050543121376e-24
-2.22100001355253e-16
0
-2.22099998644747e-16
0
2.71050541204444e-24
-2.221e-16
-2.221e-16
0
-2.221e-16
2.22099999322374e-16
0
0
-2.221e-16
0
-2.54328755843254e-26
0.76895711018083
-2.89354180035067e-26
2.22100000099852e-16
0.310983788061116
47.8855806758911
42.6406805940423
46.9461885608181
44.6793055059721
6.00953105882587
14.5245986209831
10.751351846142
13.6375031030563
14.5991961159657
14.3262717264518
10.8476153293134
10.9630001652303
21.9987106555928
22.0025290758545
22.0024504412423
22.0047959533112
22.0047959071909
22.0024504395427
22.0025290752129
21.9987107460664
1
0
2.221e-16
4.3736853568799
-2.221e-16
2.14810999521307
3.34579631305894
2.221e-16
-2.221e-16
0
1.35525273067412e-24
-2.221e-16
0
-2.221e-16
2.221e-16
0
0
0
-2.221e-16
-2.221e-16
6.77626340685159e-25
-2.221e-16
-2.221e-16
-2.22100000025477e-16
0.76809564194088
0
-2.22100000005003e-16
0.285555119057091
46.3980686748226
40.6263146431201
46.231936912208
42.8518900047869
4.65420368694106
12.3897486874698
10.8171846531748
13.3383707599393
14.2164998649214
13.9502033328884
10.8778725663551
10.9618977180993
21.9982331439713
22.0025324313244
22.0024399255056
22.0043418636342
22.0043417454861
22.002439923537
22.0025324306283
21.9982332354282
1
2.221e-16
0.00521872044410149
6.16753736524499
2.22100021684043e-16
3.96051237412104
4.72477280517598
-2.221e-16
2.22099997289495e-16
0
-2.221e-16
-2.221e-16
0
2.221e-16
2.221e-16
-2.221e-16
2.22100000677626e-16
-2.221e-16
2.221e-16
2.221e-16
6.7762635780344e-25
-2.221e-16
-2.221e-16
-2.22100000025521e-16
0.767105906789073
-5.80879699711755e-26
-2.22100000069446e-16
0.296265443528738
44.9947812795559
38.832462634755
45.3375823492381
41.039487625879
3.27522719482402
10.3888331447282
10.945623624726
13.1020821811643
13.9017487448038
13.6455778728648
10.9714640611392
11.0326596181531
21.9977502972583
22.0025360471135
22.0024278449039
22.0034745137653
22.0034743228639
22.0024278426409
22.0025360463639
21.9977503892569
1
0
1.33131295553745
7.81221547333172
0.692966684155985
5.74640208031395
6.11089174091803
2.221e-16
2.221e-16
-2.221e-16
-2.221e-16
0
2.22100002710505e-16
0
2.22100000677626e-16
0
0
0
2.221e-16
-2.221e-16
0
0
2.221e-16
2.22099999974435e-16
0.76602791101009
-2.221e-16
-7.03002270372888e-26
0.303177362530656
43.6686870444626
37.1877845266683
44.307033315844
39.2535979196861
1.88910825908197
8.50217611185936
11.1260361104122
12.9248455550046
13.6508348534483
13.4076394918977
11.1190678147463
11.1636362488977
21.9972644597573
22.0025399154044
22.0024140528005
22.0021935019216
22.002193237925
22.0024140502171
22.0025399146026
21.9972645518832
1
2.221e-16
2.62346550707788
10.1335081458357
1.83506508009822
6.68788941303579
7.49858859316335
1.28088679930402
-2.221e-16
1.35525271560688e-24
-2.221e-16
-2.221e-16
2.221e-16
2.221e-16
-2.221e-16
2.221e-16
0
0
2.221e-16
0
2.221e-16
0
-2.221e-16
2.2209999997439e-16
0.764899739688291
2.221e-16
-6.90699984555967e-26
0.19000713974586
42.3765344929221
34.8664918541643
43.1649349199018
38.3121105869642
0.501411406836648
6.71911320069598
11.3507582141766
12.8031655916375
13.4599648784971
13.2320396691015
11.3135584424125
11.3460159367561
21.9967778931118
22.0025440273673
22.0023984502137
22.0005052428092
22.0005049071418
22.0023984472932
22.0025440265147
21.9967779849622
2.22100000073984e-16
1
3.2282455885185
8.91266759579645
2.8621853992517
6.32822576372016
8.4812704161901
-4.21764482976414e-27
-2.221e-16
-2.22100001355253e-16
-2.22100001355253e-16
-2.22099998644747e-16
2.221e-16
0
-2.221e-16
0
2.221e-16
-2.221e-16
-2.22099999322374e-16
-6.77626340685159e-25
0
2.221e-16
0
-2.22100000025654e-16
0.763760984288196
-2.221e-16
-2.22100000073235e-16
2.22099999902949e-16
41.7717544114815
36.0873324042036
42.1378146007483
38.6717742362798
-0.4812704161901
11.289612423482
11.614113784728
12.7337856985831
13.3256019189893
13.1147643881022
11.5493701025785
11.5730059805418
21.9962928866384
22.0025483739327
22.0023810421962
21.9986994476917
21.998699137592
22.0023810389486
22.002548373031
21.9962929778092
0
1
3.68990715111253
8.00902358308217
3.60820213339563
6.07498216597712
8.9215381526423
2.22099999996747e-16
-2.71050541204444e-24
0
2.221e-16
-2.22099998644747e-16
-2.22100002710505e-16
-2.221e-16
-2.221e-16
0
-2.221e-16
0
0
0
0
0
-2.221e-16
-2.22100000025704e-16
0.762638714054605
-2.221e-16
2.08850924657263e-26
2.22100000085953e-16
41.3100928488875
36.9909764169178
41.3917978666044
38.9250178340229
-0.921538152642301
15.5954205050128
11.9117414340067
12.7136467400616
13.2444244278688
13.0520817332536
11.8220369587881
11.83924727491
21.9958117010174
22.0025529457424
22.0023619160666
21.9970320751823
21.9970317854146
22.0023619125122
22.0025529447934
21.9958117911046
-2.221e-16
1
4.04440446665439
7.34006679987543
4.14941274504831
5.89826096331062
8.77215978474073
-1.59381644033086
-2.221e-16
0
0
-2.22100001355253e-16
0
0
2.221e-16
-2.221e-16
-2.221e-16
0
-2.221e-16
2.221e-16
2.221e-16
2.221e-16
-2.221e-16
-2.57484199464138e-26
0.76154515540978
2.221e-16
-2.221e-16
8.88472836913598e-26
40.9555955333456
37.6599332001246
40.8505872549517
39.1017390366894
-0.772159784740735
19.5938164403309
12.240187651312
12.7398533078092
13.2132912360773
13.0404976814389
12.1278956154722
12.1404252940312
21.9953364552353
22.0025577327091
22.0023410622405
21.9954651598684
21.9954648846936
22.0023410583765
22.0025577317143
21.9953365438398
2.221e-16
1
4.31842220806814
6.84497795706851
4.5415859668815
5.77637428510529
8.01480923049876
-5.26821447051544
2.221e-16
0
2.22099998644747e-16
-2.22099998644747e-16
-2.221e-16
2.22100002710505e-16
2.221e-16
0
2.221e-16
0
0
2.221e-16
-2.221e-16
0
2.221e-16
-2.57925961571062e-26
0.760484369364014
-2.221e-16
-2.22100000074392e-16
3.82385532663913e-27
40.6815777919319
38.1550220429315
40.4584140331185
39.2236257148947
-0.0148092304987587
23.2682144705154
12.5965414906592
12.8096456078273
13.2292157417821
13.0767215359331
12.4638065064566
12.4729266237213
21.9948691723928
22.0025627243908
22.0023184703681
21.9939710737033
21.9939708089512
22.002318466192
22.0025627233519
21.9948692591351
-2.22100000019366e-16
1
4.5318250585892
6.47881943943159
4.82546331493259
5.69361827755179
6.66024899837757
-8.62817133707192
0
-2.221e-16
-2.22099998644747e-16
2.221e-16
2.22100001355253e-16
2.22100001355253e-16
2.221e-16
2.221e-16
-2.221e-16
-2.221e-16
-2.221e-16
0
-2.221e-16
0
-2.221e-16
-2.2210000000038e-16
0.759456214260122
2.221e-16
8.57117588083326e-26
-2.22099999981677e-16
40.4681749414108
38.5211805605684
40.1745366850674
39.3063817224482
1.33975100162243
26.6281713370719
12.9783674013297
12.920378521734
13.2893405263531
13.1576350111068
12.8270823261004
12.8337182252073
21.9944117042303
22.0025679102855
22.0022941334238
21.9925298756682
21.9925296183399
22.0022941289339
22.0025679092043
21.9944117887502
-2.221e-16
-2.221e-16
4.69941845275647
6.20837704044679
5.03077167923476
5.63865129564341
3.18512438132999
-5.68894440452633
-2.221e-16
2.221e-16
2.221e-16
-2.221e-16
-2.221e-16
2.22099998644747e-16
-2.221e-16
2.221e-16
-2.221e-16
0
-2.221e-16
0
2.221e-16
2.221e-16
2.221e-16
-3.80428171542833e-28
0.758608469527432
-2.221e-16
2.221e-16
2.22100000003221e-16
40.3005815472435
38.7916229595532
39.9692283207652
39.3613487043566
4.81487561867001
23.6889444045263
15.9926220615294
13.0694672799815
14.1454218690089
13.2802731506864
13.2150274003028
13.2198541851488
21.9939643794274
22.0025733125644
22.0022680536525
21.9911275253153
21.9911272732762
22.0022680488486
22.002573311436
21.9939644616954
-2.22100000019366e-16
0
4.83227086275322
6.00904853526488
5.17919357238439
5.60329815920122
0.229348006917905
-3.32188620093534
2.22099999661187e-16
0
-2.22100000677626e-16
1.35525271560688e-24
2.22100001355253e-16
-2.221e-16
0
0
2.221e-16
0
0
-6.7762635780344e-25
2.221e-16
0
0
-2.63100889109312e-26
0.758370774860937
2.221e-16
-2.22100000081951e-16
2.2210000002086e-16
40.1677291372468
38.9909514647351
39.8208064276156
39.3967018407988
7.77065199308209
21.3218862009353
24.9409609702751
13.2543724160999
16.9098296761621
13.4418474901955
13.6253592780159
13.6288681537078
21.9935195446246
22.0025791053419
22.0022402497988
21.9897549081726
21.9897546598681
22.0022402446825
22.0025791041308
21.9935196260945
2.221e-16
-2.221e-16
4.9386664851552
5.86260664189199
5.28651587542999
5.58168621765629
-7.18415626384775e-27
-1.50618573630985
-2.221e-16
-1.35525273067412e-24
0
0
1.35525273067412e-24
2.221e-16
2.221e-16
-2.221e-16
-2.221e-16
-2.221e-16
-2.22099999322374e-16
-2.221e-16
-2.22100000677626e-16
-2.221e-16
2.221e-16
2.22099999973999e-16
0.75920632079745
-2.221e-16
-2.22099999901137e-16
0
40.0613335148448
39.137393358108
39.71348412457
39.4183137823437
10.2290601481505
19.5061857363099
37.9074427217055
13.4725869767158
21.3718450012715
13.6397098360494
14.0558089358951
14.0583572872615
21.9930525182665
22.002585817332
22.0022107679577
21.9884075886887
21.9884073428538
22.0022107625325
22.0025858159313
21.9930526036243
-9.68390856107341e-27
1
5.02482100382954
5.7555323916872
5.36421869963606
5.56961178553432
-9.69229020819139e-27
-6.63275234876979
-2.221e-16
2.221e-16
3.38813194994483e-25
-2.221e-16
2.221e-16
2.221e-16
-6.77626340685159e-25
0
0
2.221e-16
-2.221e-16
0
2.221e-16
6.77626340685159e-25
0
-2.22099999901227e-16
0.762242303346884
-2.221e-16
2.22099999999999e-16
-2.221e-16
39.9751789961705
39.2444676083128
39.6357813003639
39.4303882144657
10.8697134941194
24.6327523487698
53.5540290880066
13.7215902162785
27.3344114514088
13.8714168952884
14.5041625522362
14.5060094376328
21.9924894356715
22.0025951910763
22.0021797104478
21.9870880586283
21.9870878135922
22.0021797047155
22.0025951891327
21.9924895388821
0
-2.221e-16
5.09541046379294
5.67779640870765
5.42063639888472
5.56408067515004
2.22100001354074e-16
-4.53586338696923
-2.221e-16
2.22100000169407e-16
-2.221e-16
-2.221e-16
-2.22099998644747e-16
0
-6.77626340685159e-25
-2.221e-16
0
0
2.221e-16
-2.221e-16
-2.221e-16
-2.22099999322374e-16
-2.221e-16
0.0137850472293046
0.884
-2.221e-16
0
-2.22099999974551e-16
39.9045895362071
39.3222035912924
39.5793636011153
39.43591932485
13.7198638771278
22.5358633869692
69.6410429966346
46.7356049300309
34.5183001159109
19.1870596131388
15.1427257526045
15.2608682139789
16.2602820266074
18.95108295431
20.9070959286686
21.6780002966254
21.6781767956515
20.9075596357514
18.9518216009902
16.2607343468416
2.221e-16
-2.221e-16
5.15395978349604
5.62194369563104
5.4618092731807
5.56297021256648
-2.221e-16
-3.14068217415216
-2.22100000169407e-16
2.221e-16
-2.221e-16
-2.221e-16
0
2.221e-16
2.221e-16
2.221e-16
6.7762635780344e-25
0
-2.221e-16
2.221e-16
3.38813194994483e-25
-2.221e-16
0.077350716610577
0.077350716610577
0.884
-2.22100000000027e-16
2.22100000049317e-16
-2.00061042020838e-26
39.846040216504
39.378056304369
39.5381907268193
39.4370297874335
15.9243931151309
21.1406821741522
73.2692996858298
72.4359552269257
41.6427528002198
38.8355111369207
16.4229661627821
25.3275061581928
24.7227400384984
24.0978503685368
23.4525164665781
22.7868956481879
22.7850194714448
23.4506972566396
24.0960884636512
24.7210346392805
0
0
5.20313242119806
5.58242302608438
5.49210489082951
5.56478439609929
-2.22100001355253e-16
-2.30583950249821
1.69406597497241e-25
-2.22100000169407e-16
-2.22099999957648e-16
2.221e-16
0
1.69406597497241e-25
-1.6940658945086e-25
-2.221e-16
0
-1.69406597497241e-25
-2.221e-16
-2.22100000169407e-16
0
-1.69406597497241e-25
0.137821661430497
0.137821661430497
0.884
-2.2210000000002e-16
2.22100000000462e-16
2.2210000006762e-16
39.7968675788019
39.4175769739156
39.5078951091705
39.4352156039007
17.6248922677177
20.3058395024982
65.8510633532735
65.899098494779
47.7578116816369
46.9186845816948
23.6295226358656
39.9781968351095
39.7395406994698
39.4924056001805
39.236336993861
38.9706459220577
38.9687414240803
39.2344947729193
39.4906216039628
39.7378122281168
8.91338867189879e-27
0
5.24496802146759
5.55509805736421
5.51467323551144
5.56847759302656
-0.950290372543473
-1.90238657186402
-0.00128707070342463
2.221e-16
-2.221e-16
0
-2.221e-16
2.22099999915297e-16
0
0
-2.221e-16
-2.22099999915297e-16
2.221e-16
0
8.470329472543e-26
0
0.0141843892212256
0.014184389221226
0.884
-2.22100000000011e-16
2.22100000000463e-16
2.221e-16
39.7550319785324
39.4449019426358
39.4853267644886
39.4315224069734
18.9502903725435
19.902386571864
98.0012870707034
96.4054705220477
58.9254957918535
55.2454319568761
18.5574458965301
36.6349952263221
36.2068584702882
35.77581462738
35.3420750720471
34.9059885579423
34.9050525466519
35.3411207347456
35.7748456424773
36.2058772647322
-2.22099999990869e-16
-2.221e-16
0.314513148721088
5.28244145876943
5.45334829703148
5.54876475214824
-2.01015323277733
-1.8204957769539
3.51363084528031e-26
0
2.22100000102307e-16
-2.221e-16
2.221e-16
2.221e-16
0
0
2.221e-16
0
1.98820322564687e-37
-2.221e-16
2.221e-16
-2.221e-16
0.55002145117839
0.55002145117839
0.750867897948437
1
0.625
2.221e-16
44.6854868512789
39.7175585412306
39.5466517029685
39.4512352478518
20.0101532327773
19.8204957769539
11.5396543053447
13.6210756054218
46.0977328920844
52.1573900740173
54.1878543685065
73.4212691455327
72.925338703118
72.404281056762
71.8520297567741
16.5406477880628
15.6501783051629
71.8356417487729
72.3883164676737
72.9097095238541
8.7345082986641e-27
2.221e-16
-2.22100010842022e-16
3.55958394255847
5.27338145484529
5.50795677202161
-2.89218617786087
-1.97195750181587
0.00832321759446288
-2.221e-16
0.00290302052776453
2.221e-16
-2.221e-16
-2.221e-16
8.470329472543e-26
2.221e-16
2.22099999957648e-16
0
2.22100000010588e-16
2.221e-16
-2.22099999915297e-16
0
-2.221e-16
0.731019687134509
0.25
1
0.625
0
57.6294610411733
41.4404160574415
39.7266185451547
39.4920432279784
20.8921861778609
19.9719575018159
7.99167678240554
8.72248358948468
7.99709697947223
18.9765896695689
64.644394646215
68.9058573178954
63.7611457149735
53.2873311110367
35.0687674121996
14.5579736770642
13.7321784222611
34.5263533851529
52.9972854944675
63.6172527673918
2.221e-16
-2.221e-16
-2.221e-16
-2.221e-16
4.30142949692368
5.35382577254357
-3.66290292345312
-2.2895139928509
0.0078401948876114
-3.38813194994483e-25
0.0080994646203998
3.38813194994483e-25
2.221e-16
2.221e-16
2.221e-16
-2.22099999915297e-16
-4.2351624722407e-26
2.221e-16
2.22099999997353e-16
0
2.221e-16
0
0
0.676411856741433
0.758156223229093
1
0.625
-2.22100000043809e-16
68.456714969123
46.8051903997628
40.6985705030763
39.6461742274564
21.6629029234531
20.2895139928509
7.99215980511239
8.6448051681448
7.9919005353796
11.0923094799557
44.7573839379148
49.674229067086
38.1050398591338
26.5739501084448
18.0790453778777
18.6619083387529
18.2614187074428
17.5805791070728
26.0872052007022
37.6768818264401
-1.104585466264e-16
1
2.221e-16
0
2.73462540996693
5.09872577889789
-3.58606061607289
-9.11603127917168
0.00664996798066022
2.22099999661187e-16
0.00917449355871986
2.221e-16
2.22099999957648e-16
0
0
-8.470329472543e-26
0
-2.221e-16
2.221e-16
-2.22099999915297e-16
-2.221e-16
0
0
0.709299699299193
0.815813525395896
1
0.625
2.221e-16
74.1684014849473
54.8124613398499
42.2653745900331
39.9012742211021
21.5860606160729
27.1160312791717
7.99335003201934
8.37845721482825
7.99082550644128
9.8906790185114
40.9636225172133
37.8702111053921
29.6156099947866
23.0913476763003
20.6478145000572
26.1200749221287
25.8346891484455
20.2432071692203
22.6507922740141
29.1863969538446
1
-2.221e-16
0
-2.221e-16
1.80631322670505
1.73374257751151
-4.23894950851493
-5.93786563751247
0.00732961623548663
2.221e-16
0.0116487651516757
2.221e-16
0
-2.22100000169407e-16
2.22100000169407e-16
0
-2.221e-16
-2.221e-16
-2.221e-16
-2.22100000000007e-16
2.22099999830593e-16
2.221e-16
-2.221e-16
0.727118228857612
0.835784692111018
1
0.625
0.693
75.3190889334297
56.5949143052097
43.193686773295
43.2662574224885
22.2389495085149
23.9378656375125
7.99267038376451
8.39915665787033
7.98835123484832
9.43974044155192
41.5080703475933
35.2880718364456
28.3754408454671
23.4921293365769
22.5442303009318
28.4298803340707
28.1319570258044
22.1434151397688
23.0530179727479
27.937733055683
1
-2.221e-16
0
-2.221e-16
0.076837562155586
0.0538870911540357
-4.08451180868031
-3.02083927960609
0
0
0.00713782119511046
2.221e-16
0
0
0
2.221e-16
-2.221e-16
0
0
2.221e-16
-2.221e-16
-2.221e-16
2.221e-16
1
0.827560331686714
1
0.309189119441
0.15361219253244
71.4762768000201
60.4103374090638
44.9231624378444
44.946112908846
22.0845118086803
21.0208392796061
10.2162582599752
10.463333956408
7.99286217880489
8.09487331511018
62.3329038233822
28.5849236311673
37.9752377823359
46.146718365699
52.3965656055988
55.8238412052529
55.2658577616928
52.0619452162323
45.9823013530933
37.9384294434975
1
-2.221e-16
2.221e-16
0
2.22099989157892e-16
0.00494768848540733
-2.98481032585402
-1.18967575342983
3.6383254319161e-31
0
0.00291298966173698
-3.38813194994483e-25
2.221e-16
2.22099999661187e-16
2.221e-16
-2.221e-16
2.221e-16
-2.22099999957648e-16
0
0
0
-2.221e-16
0
1
0.761275614876218
1
2.22099999996579e-16
2.22099999997696e-16
69.4241670792619
62.8266586779245
46.3056235774622
44.9950523115146
20.984810325854
19.1896757534298
22.5474939311356
22.7503107493561
7.99708701033826
9.21413945411471
70.157169047676
37.4770905402757
46.7923916576712
54.7978964596046
60.8475223208015
64.126474677082
63.5944193366903
60.5164178363973
54.6228635895549
46.7369697029211
1
-2.221e-16
-3.38813194994483e-25
-2.221e-16
-2.22100005421069e-16
2.221e-16
-1.67883080564614
2.22100005421011e-16
2.22099999322374e-16
-2.221e-16
0.00128211657239723
-2.221e-16
2.22099999989412e-16
2.221e-16
-2.221e-16
0
0
2.221e-16
0
2.22100000084703e-16
2.22100000169407e-16
0
0
1
0.7384583278685
1
-2.22100000003421e-16
-2.22100000002719e-16
69.4967213731135
64.3319342022723
47.6200740795142
45.1563565541612
19.6788308056461
17.7712320739486
35.3580469430786
35.5488193117544
7.9987178834276
9.26246031777533
71.7969737802821
45.2868708112454
51.9175757754224
57.8198529289904
62.4786333783578
65.2091525835979
64.673571560066
62.1283882225714
57.6092057058343
51.8106763706555
1
2.221e-16
-2.221e-16
2.221e-16
5.42096982684022e-24
0
-0.402147847133218
0
-2.221e-16
0
0.000725446875041542
2.221e-16
-2.221e-16
2.221e-16
-2.221e-16
-2.22099999830593e-16
0
8.470329472543e-26
0
0
0
2.221e-16
-2.221e-16
0.335243178334517
0.545380579156364
1
2.22099999996578e-16
2.22099999997088e-16
67.6672660192635
65.0724078446256
48.8292782535663
45.4127375648173
18.4021478471332
16.5537520602693
91.1445275897463
90.9722171553209
7.99927455312496
8.96224822864316
47.3676470163769
62.3467156218267
51.65093051133
44.274722736154
42.1077483824126
47.7007360736529
47.8216395132503
41.8933177063952
43.8389125033986
51.0777938344926
1
-2.221e-16
2.22100000084703e-16
-2.221e-16
2.22100002710473e-16
2.22099978315957e-16
0
2.221e-16
-2.22100000031473e-16
-2.221e-16
0.000691009508520486
-2.22099999322374e-16
0
0
2.221e-16
0
0
2.22099999915297e-16
-2.221e-16
2.221e-16
0
-2.221e-16
0.435742126495771
0.435742126495771
0.568054680971023
1
2.22099999996577e-16
-2.22100000002979e-16
69.747705746692
66.2488466790831
49.9318311814285
45.745990810531
17.2101194230651
15.421760671872
88.3007222880765
88.1798020926045
7.99930899049148
8.71309888563648
52.3630815319132
64.8427828736958
56.928100891511
51.1508801633472
49.0809810946082
52.9437204895001
52.9366485665531
48.8147738193457
50.7297363051101
56.4247728056851
1
2.221e-16
2.221e-16
0
2.2209999999997e-16
0
-2.221e-16
5.42101087339269e-24
2.221e-16
-2.221e-16
0.000477405216007614
-2.221e-16
-2.221e-16
-2.22099999322374e-16
0
2.221e-16
2.22100000169407e-16
-1.69406597497241e-25
2.221e-16
0
0
-2.221e-16
0.388345371467941
0.388345371467941
0.534474557332451
1
-2.22100000002626e-16
-2.09673879939178e-27
71.322145227986
67.8894464982702
51.003731003316
46.1437784160311
16.0913833359231
14.3566355492011
94.4617849098642
94.3152147402929
7.99952259478399
8.72323584000737
53.3677079973739
67.6971745199127
59.8535017489612
53.7994857705149
51.2011502672836
54.5351493091621
54.5431375471324
50.9277748828268
53.3695929859574
59.3501911006987
1
0
0
-1.76014589477438e-29
-2.221e-16
2.22099989157978e-16
-2.2067891452848e-16
0
-2.22099999997103e-16
-2.221e-16
0.000570751497833231
0
-2.221e-16
2.221e-16
0
-3.38813194994483e-25
0
2.22099999830593e-16
0
-3.85836401759088e-35
2.221e-16
0
0.491029748497736
0.491029748497736
0.527724202534784
1
-2.22100000001072e-16
-2.22100000000166e-16
73.2934256817193
69.7661579625399
52.079383660689
46.5995749384132
15.0425339832396
13.3567646436215
94.0857863445458
93.9603099138576
7.99942924850217
8.72644689683639
58.2627311930403
68.8591502394342
63.067467828804
58.4415222472963
56.3518514212175
58.9402746168342
58.8536186442525
56.0554984063544
58.0436112115367
62.6355893643031
1
-2.221e-16
-2.221e-16
1.6939106679817e-25
0
2.221e-16
-2.221e-16
2.221e-16
-0.000647475555027395
1.35525273067412e-24
0.000319201428728179
2.221e-16
0
-2.221e-16
-2.221e-16
0
0
-1.69406597497241e-25
0
2.221e-16
2.221e-16
-2.221e-16
0.48476310574243
0.48476310574243
0.501438111883237
1
2.22099999997794e-16
-1.59206921815573e-27
75.0550653083697
71.6851141228791
53.1783123985322
47.1108182937789
14.0605693050244
12.4229531967723
98.000647475555
97.8678730197979
7.99968079857127
8.74341117790594
60.5865153174739
71.2122978360833
65.9018651923338
61.4731258503389
59.25547011249
61.4274914854054
61.3234862405114
58.950274427381
61.0808594075021
65.4901241387259
1
-2.221e-16
0
2.22099999999989e-16
-2.22099998644747e-16
-5.42101086242741e-24
1.42108547152019e-18
-2.22100002710505e-16
-0.00107669323566091
-2.221e-16
2.22100000031334e-16
0
-2.22100000169407e-16
2.221e-16
-2.221e-16
2.221e-16
-2.221e-16
-3.38813194994483e-25
-2.221e-16
-2.221e-16
0
0
0.550010791259251
0.550010791259251
0.514794693266292
1
-2.22100000003181e-16
-2.2210000000291e-16
76.7839380570253
73.579421293091
54.329806146111
47.6868254692671
13.1441489386958
11.5533595933703
98.0010766932357
97.8834269884415
11.5067395068179
12.1436650447535
63.09779819594
72.3116816491904
67.6912133920684
63.7174493454889
61.6897625804932
63.8652611976752
63.7473046524284
61.3823063528531
63.3403705947202
67.3106664455383
1
-2.221e-16
-2.221e-16
-2.22099999999998e-16
2.221e-16
-2.221e-16
2.221e-16
2.221e-16
-0.00104925200248851
-2.22099994578989e-16
-2.221e-16
2.221e-16
2.22100000169407e-16
0
6.77626340685159e-25
-2.221e-16
2.22099999661187e-16
-2.221e-16
2.221e-16
-2.221e-16
0
0
0.550017944887261
0.550017944887261
0.542668156070603
1
2.22099999996572e-16
-2.22100000003155e-16
78.2340724280761
75.2960045091736
55.4651491617821
48.3027671159954
12.2924138693685
10.749162173945
98.0010492520025
97.8907981901004
18.5826194551854
19.1159880094648
63.7748982522701
73.8429010435085
69.2180523912716
65.0911580990546
62.7993815870666
64.7681056680716
64.6716787534375
62.496034313065
64.7166200298353
68.8441799534216
1
2.221e-16
0
2.221e-16
0
0
2.2067891452848e-16
2.22099999998986e-16
-0.00145043409516309
2.81031697484985e-30
6.93889393860609e-22
-4.33680868885339e-23
2.221e-16
0
2.221e-16
2.221e-16
-2.221e-16
0
-2.22100000338813e-16
0
-6.7762635780344e-25
0
0.550017487533375
0.550017487533375
0.569971122771988
1
2.22099999996571e-16
-2.22100000000706e-16
79.4622552735938
76.846863458219
56.5889744095937
48.958615212046
11.503888739666
10.0075514241703
98.0014504340952
97.8941597575268
26.7379103678994
27.1542966186439
64.728438308924
75.4297530884561
70.8841868787763
66.7406189309558
64.3249719170167
66.1020905832443
66.0262824840347
64.030071633721
66.3721055901649
70.5174872049907
1
0
-2.221e-16
2.221e-16
-2.221e-16
-2.221e-16
-1.42108547152019e-18
2.22099997287102e-16
-0.00215389668157545
-2.22100173472348e-16
-2.22100000000001e-16
-2.22099956631913e-16
-2.221e-16
0
-2.221e-16
-2.22099999322374e-16
2.221e-16
-2.22100000338813e-16
-2.221e-16
2.221e-16
2.22100000677626e-16
2.221e-16
0.550024173901586
0.550024173901586
0.619311073752858
1
0
-2.90892458800248e-29
79.9387420229511
78.0611818821926
57.7767948944828
49.6899708859032
10.7771535870936
9.33060628621169
98.0021538966816
97.8963858703824
37.8813830132504
38.0562202529698
66.3176752585851
76.9127117033255
72.2178316486134
68.0498809569225
65.919162338888
68.6324502582189
68.6564432381591
65.6605146532023
67.6859777416947
71.8417391928864
1
0
2.221e-16
2.221e-16
0
-2.22100002710505e-16
-2.221e-16
1.45446229400124e-30
-0.00206500991914795
2.22099989157978e-16
-1.0842023373811e-23
2.221e-16
2.221e-16
0
-2.22100001355253e-16
2.22099999322374e-16
-2.221e-16
-2.221e-16
0
-2.221e-16
2.221e-16
-2.221e-16
0.550035898278026
0.550035898278026
0.662531765554783
1
2.22099999996963e-16
-2.221e-16
80.5967640171367
78.8933265924207
58.9312648572531
50.3920505407672
10.1137552085064
8.71833599799235
98.0020650099191
97.8992530983248
48.1959300753075
48.2622197713062
67.7401430150695
79.0386316763876
73.8130363946329
68.9442112712962
66.4877164027061
70.7010034602418
70.8445431726096
66.2220106949267
68.545466477114
73.4115639627322
2.221e-16
0
-3.38813194994483e-25
2.221e-16
2.22100000338813e-16
0
2.221e-16
2.22100002710505e-16
-0.000768742842953087
2.22100001355253e-16
-2.22100001355253e-16
-2.221e-16
2.22099999830593e-16
-6.77626340685159e-25
-6.77626340685159e-25
-2.221e-16
-3.38813194994483e-25
0
1.55349999136234e-25
3.38813194994483e-25
2.221e-16
6.7762635780344e-25
0.550034416831986
0.550034416831986
0.696059171584227
1
2.22100000860221e-16
2.2209999999495e-16
88.5213764525596
79.5022405476768
60.5948201955056
50.7497727882774
11.4116197642527
9.89343405155527
98.000768742843
97.9012920684553
56.4511261958678
56.3877239099025
68.5333498377749
80.1821919624419
74.0103692732172
66.9690762353002
62.6814190707923
72.1315966271581
72.6177745083771
62.2938189856502
66.4328102491054
73.5570527587441
-4.59413286526275e-17
1
-2.221e-16
0
-2.221e-16
-2.221e-16
0
-2.46101643122929
-2.71050543121376e-24
2.71050541204444e-24
-2.221e-16
-2.221e-16
-2.221e-16
6.77626340685159e-25
2.22100000677626e-16
2.221e-16
3.3881317890172e-25
0
-2.221e-16
-2.22099999661187e-16
2.221e-16
6.77626340685159e-25
0.550012812380716
0.550012812380716
0.741772071032074
1
0.625
-2.22100000007213e-16
91.0469968671483
82.7230992180239
74.2943468750832
62.1851669183743
15.0508410058273
20.4610164312293
65
65.07286400236
47.128669587425
47.5728885132922
30.6224404898717
63.7197009320895
56.4374165716969
45.7120082340175
33.0522154750394
27.5048092359084
26.9924276449641
32.1801268961527
45.0012231788904
55.9610860784316
1
2.68041328652425e-16
-2.22100000338813e-16
0
-8.47032987486207e-26
-2.22100000338813e-16
-1.42108547152019e-18
2.22099997289495e-16
2.221e-16
0
0
0
0
2.221e-16
0
-2.22100000677626e-16
0
2.221e-16
0
-2.221e-16
2.221e-16
2.22099999322374e-16
0
-2.3294076455045e-27
0.884
0.813985865575144
0.508741165984465
-2.2209999997447e-16
83.5163610070527
82.5440672291637
81.4206789827686
71.4654001798486
17.1298079852483
16.5263101688648
65
64.9076562042885
62.3678939578226
61.9775158977007
23.183634734878
56.9603574225543
50.7616999647335
41.373681237726
30.2265644764437
27.0520519751815
27.1637556376496
29.6451489163964
40.828081520374
50.3881572562861
1
-4.40439403530785e-17
0
-2.221e-16
0
2.221e-16
2.221e-16
-2.221e-16
2.221e-16
-2.22099913263826e-16
0
2.221e-16
-2.221e-16
2.221e-16
-2.221e-16
-2.22099998644747e-16
-2.22099999322374e-16
2.221e-16
-2.22100000338813e-16
-2.221e-16
0
2.221e-16
-2.221e-16
-1.85978888786511e-27
0.884
0.749145796745144
0.468216122965715
2.22099999999997e-16
78.7602418130837
80.1327234084693
85.6569731720266
78.6302372101138
16.7276747105473
15.1732665101982
69.4772097464354
69.3486245431024
69.4772097464354
69.094521257842
31.7519625588228
60.6863774541162
55.4859503907948
48.0845110595766
39.6747255810717
36.6130623118995
36.6605378228927
39.2425738445692
47.6570148368185
55.1734792747209
1
1.97271770250082e-16
-2.221e-16
2.221e-16
2.221e-16
-2.22100000338813e-16
2.221e-16
-2.221e-16
-0.000176869638837307
-2.221e-16
-2.221e-16
-4.33680868885339e-23
-2.221e-16
-2.221e-16
-2.221e-16
0
0
-2.22100000338813e-16
-2.22099999661187e-16
-2.221e-16
0
1.35525271560688e-24
0.0746201624405907
0.0746201624405907
0.884
0.091951266971479
0.0574695418571745
-2.22100000099761e-16
71.0623598858552
75.2615786039737
83.6771946258407
79.3560119313227
15.9824300386639
14.3707688730119
98.0001768696388
97.7802391097441
88.2277757188618
87.6529767688918
70.3326567304017
81.5325111789476
81.655554310629
81.6708207881379
81.213988486426
79.4470544568369
79.5185494763401
81.296299952759
81.7395679278371
81.7049794754784
1
-1.11820461710222e-16
2.221e-16
2.221e-16
6.61755691867276e-28
0
-1.4210854715202e-18
2.22099997289495e-16
-9.10953379169688e-05
-2.221e-16
-2.221e-16
2.22099956631913e-16
-2.22100000338813e-16
2.221e-16
2.221e-16
-2.22099998644747e-16
6.77626340685159e-25
2.22100000338813e-16
3.38813194994483e-25
-2.221e-16
1.35525273067412e-24
2.221e-16
0.550002947827314
0.550002947827314
0.884
0.163017748211231
0.101886092632019
9.92700097939792e-26
71.4872300101297
72.0731297073399
82.1312200319491
80.1977853291692
15.2459072613809
13.6753898523912
98.0000910953379
97.9133730933171
97.117109749603
96.809661586779
78.6164186803319
90.5406862806983
90.8316962918506
90.6048728197976
88.9442381216845
83.8931237198728
83.5591452184198
88.8386535471158
90.5949370396118
90.8555459207747
1
2.47795591487906e-16
2.221e-16
1.6940658945086e-25
2.221e-16
0
0
-2.221e-16
-6.78546772221451e-05
-2.221e-16
-6.78546772221245e-05
-2.221e-16
0
-2.22100001355253e-16
2.221e-16
-2.22099998644747e-16
2.22100000677626e-16
2.221e-16
-2.22100000677626e-16
-2.221e-16
-2.221e-16
-2.221e-16
0.550001518255632
0.550001518255632
0.861656132190257
0.191756519532382
0.119847824707739
2.22099999917656e-16
72.6894110738329
71.0809937849788
81.1991881644911
80.9524044156771
14.5302403877431
12.9925504282505
98.0000678546772
97.9342068536346
98.0000678546772
97.835683782173
78.257555248535
92.1790929268007
92.0517744627138
91.2351762432451
88.7848238850735
82.7410269075858
82.3248034723013
88.6162694457259
91.1791759628739
92.043225249525
1
-1.16715548834409e-16
2.221e-16
-2.22099999830593e-16
2.221e-16
0
-2.221e-16
0
0
0
-1.08420217467854e-23
-2.221e-16
2.221e-16
-2.221e-16
-2.221e-16
2.221e-16
-2.221e-16
-2.221e-16
2.22100000338813e-16
2.221e-16
2.22100001355253e-16
0
0.550001130911287
0.550001130911287
0.781927290378492
1
0.625
9.77150663421755e-26
77.8758977604851
73.4093089325643
85.0845832475846
86.3382008693793
13.8160106514351
12.2828041814866
76.9187242400001
76.9416793028835
76.9187242400001
77.1923989270065
51.6897446725842
77.4366668386737
72.3391309352965
65.4618905803882
57.5226335126182
51.6710775948329
51.222380933764
56.9463294319493
64.9690580580112
71.9753323483842
1
3.33062280782841e-16
-2.221e-16
-2.221e-16
-2.221e-16
0
0
2.22099997289495e-16
2.71050541204444e-24
-2.71050541204444e-24
2.221e-16
2.221e-16
0
0
-2.22099999322374e-16
-6.7762635780344e-25
-2.221e-16
3.38813194994483e-25
2.22099999661187e-16
0
0
0
0.198645404000001
0.198645404000001
0.857686692515502
1
0.625
-2.22100000054517e-16
77.4164956950089
74.421091418748
85.7276083525816
90.2070183832925
13.0947784461858
11.5919325349278
75.8947147044861
75.8127776867381
75.8947147044861
75.7585924142887
49.4821253323673
70.3899404303526
65.6131235782025
59.0965373282464
52.674671771307
54.1029190776032
54.3321030333593
52.2966279670634
58.6790288480354
65.2991541759986
1
-1.12362871230805e-16
0
2.221e-16
0
2.22099999999996e-16
-2.221e-16
-2.221e-16
2.221e-16
-2.22100002710505e-16
2.22099997289495e-16
-2.221e-16
2.221e-16
-2.221e-16
-2.221e-16
0
2.221e-16
3.38813194994483e-25
2.22099999661187e-16
0
-2.22099999322374e-16
2.221e-16
0.181578578408101
0.181578578408101
0.861421614905557
1
0.625
-2.22100000051199e-16
76.8880894389492
74.3936166122189
86.1209949573561
93.0574351023458
12.3907920308059
10.9364949611052
75.6537452607171
75.5592530929127
75.6537452607171
75.4724122671062
49.5280704056737
69.1895767631477
65.3962846284124
59.7345151099663
53.5407482508077
54.4931084013929
54.6671529817217
53.1906221546899
59.3909396800922
65.1610436078046
1
4.87890977618477e-17
-2.221e-16
0
-2.221e-16
-2.221e-16
-2.2352108547152e-16
-2.221e-16
0
-2.22100001355253e-16
2.22099998644747e-16
-2.221e-16
2.221e-16
-2.221e-16
0
0
0
-2.221e-16
2.221e-16
-2.22100000677626e-16
0
0
0.177562421011952
0.177562421011952
0.870295571319109
1
0.625
2.22099999999048e-16
76.3685760377152
73.8919351993479
85.5534832995666
94.6502404273641
11.7054200716118
10.2977351299796
77.0849372165434
76.9785973572324
77.0849372165434
76.8606047995844
53.1099392058576
69.8667025527012
66.5571838877036
61.7603707252386
56.8491138284864
58.8474962723923
59.0788473505648
56.5823087804582
61.4752111451347
66.3554339932037
1
9.8365468318643e-17
2.221e-16
2.22099999830593e-16
2.22099999830593e-16
2.221e-16
2.221e-16
-2.22100002710505e-16
2.22099999986088e-16
2.221e-16
-2.221e-16
-2.221e-16
0
-2.22099999322374e-16
-2.221e-16
-2.221e-16
2.221e-16
2.221e-16
0
-2.22100000677626e-16
2.221e-16
0
0.201415620275724
0.201415620275724
0.870878348781965
1
0.625
2.22099999935749e-16
76.1271436736166
73.3151984809879
84.4373060992271
95.1841333112299
11.0290110071682
9.66275603737574
78.4136052036639
78.3068730042452
78.4136052036639
78.1862116365185
56.4674916347567
71.0403667512156
68.3237297738645
64.3503601228997
60.3182829177215
62.4883096559948
62.7040960497343
60.1040348270149
64.119751460686
68.1622512000926
1
-2.76902658009666e-16
2.221e-16
-2.22100000169407e-16
-2.221e-16
-2.22100000084703e-16
-2.221e-16
-2.71050541204444e-24
7.2627465315304e-27
-2.22099998644747e-16
8.06827396234077e-26
2.221e-16
0
-2.221e-16
2.221e-16
0
3.38813194994483e-25
2.221e-16
-2.221e-16
2.221e-16
6.77626340685159e-25
-2.22100000677626e-16
0.223560086727731
0.223560086727731
0.884
-3.3807620169378e-28
-2.11266811179502e-28
-3.00858990540668e-26
72.0585655715996
71.4027760714872
82.2198776837078
89.7266683455179
10.3598608836594
9.05532455860504
94.7619028467406
94.5814956237295
89.5611438932291
89.1822193163873
78.7161640275301
81.6180126893362
82.2966939447527
83.4539026452259
85.2217942917231
87.5157647721673
87.7272827710729
85.36671481933
83.5440793950834
82.3488110504493
1
2.25732077277826e-16
0
2.221e-16
-2.22100000169407e-16
0
-2.221e-16
-2.71050543121376e-24
-2.221e-16
2.22099999322374e-16
0
0
-2.221e-16
0
0
3.38813194994483e-25
-2.221e-16
2.221e-16
-2.221e-16
2.221e-16
0
2.22099999661187e-16
0.496031714112343
0.496031714112342
0.838087506177201
1
0.625
-3.02826445182045e-26
74.3346577328862
71.1604560468978
83.4639045472273
84.6004378863827
9.69197270379137
8.41891111347619
85.4069819613632
85.3749809441877
85.4069819613632
85.3647223046483
73.2315332468912
81.7869702970774
79.6826643098191
77.4225834401643
75.7921541972749
76.6812768254024
76.7129651600416
75.6862108839267
77.2848875533606
79.5566640717635
1
1.67667710488954e-16
0
2.221e-16
2.221e-16
2.221e-16
2.221e-16
0.244560720774643
-2.221e-16
2.221e-16
0
-2.22100000677626e-16
0
2.22100000338813e-16
-2.221e-16
2.221e-16
-2.221e-16
-2.221e-16
3.38813194994483e-25
0
-2.221e-16
-2.221e-16
0.34011636602272
0.34011636602272
0.80615217069629
1
0.625
0.693
74.9966083744608
76.4004632364402
83.0379660567828
79.4681208576998
9.00090624085714
7.75543927922536
79.0665551409829
79.0510036303813
79.0665551409829
79.1613159117736
61.7854304827165
75.5667588269821
75.6150869552444
75.6636423403052
75.7093535009581
63.7256189048605
63.1277454018424
75.7105399460487
75.664974472769
75.6164116982265
1
3.25626997446561e-16
-1.69406597497241e-25
-2.221e-16
-2.221e-16
-2.221e-16
2.2352108547152e-16
0.946102706582537
2.22100000677626e-16
-2.221e-16
-6.77626340685159e-25
0
-2.221e-16
-2.221e-16
-2.221e-16
0
2.221e-16
2.221e-16
2.221e-16
-3.38813194994483e-25
2.221e-16
2.221e-16
0.234442585683049
0.234442585683049
0.81745015018497
1
0.625
0.693
76.8236563286408
78.9273597316398
81.1768946094943
76.3983832766418
8.28253934231739
7.05389729341746
73.3909556725764
73.3507664126174
73.3909556725764
73.3679190827366
55.0610852957562
68.3582399383271
68.42532214228
68.4926997009516
68.5599762436499
58.8322569738391
58.3384128492878
68.5622537595007
68.4949882077439
68.4276015337136
1
-2.221e-16
-2.221e-16
0
2.221e-16
-2.221e-16
0.47514881401703
1.68162848921554
2.221e-16
-2.221e-16
2.22100000338813e-16
2.221e-16
2.221e-16
2.221e-16
-2.221e-16
3.3881317890172e-25
-2.221e-16
-3.38813194994483e-25
-2.221e-16
-2.221e-16
2.221e-16
2.221e-16
0.139849261209607
0.139849261209607
0.872526780076042
-1.68680648249212e-29
2.4833923928616e-26
0.693
76.4344596221262
78.3381247462806
78.1262182555059
74.4822975063001
7.52485118598297
6.31837151078446
74.2178794871005
74.1078602519795
74.2178794871005
73.985745411764
57.1196307815386
64.7803899516292
64.7974174116583
64.814604355413
64.8319548799145
64.8495956642316
64.849646382716
64.8319964863072
64.8146429716503
64.7974531304525
-2.77588360124217e-16
1
2.22099999830593e-16
2.22100000084703e-16
2.22100000084703e-16
-2.22099999957648e-16
2.2067891452848e-16
-2.221e-16
2.221e-16
2.221e-16
-2.221e-16
0
2.221e-16
1.69406597497241e-25
1.6940658945086e-25
-2.221e-16
-2.22099999830593e-16
0
-2.221e-16
1.69406597497241e-25
-1.69406597497241e-25
-2.221e-16
0.153631324785008
0.153631324785008
0.843310940381724
9.89533314443396e-26
2.22100000057701e-16
-2.60553433566083e-16
77.7043833751793
78.5009238775638
77.3637753290705
75.0155482714263
10.1934072811636
15.6799447183018
72.1798907297452
72.0822158442549
72.1798907297452
72.0311255908229
55.9090913402902
63.1342322266896
63.1701741932862
63.2062973496376
63.2426031624586
63.2791908159834
63.2794973419615
63.2429039976408
63.2065957608462
63.1704702027276
-1.10000817837351e-16
1
-2.221e-16
2.221e-16
2.221e-16
-2.22100000010588e-16
0
-3.87610872511112
2.221e-16
2.221e-16
2.221e-16
2.22100000169407e-16
2.221e-16
0
-2.22099999830593e-16
-2.221e-16
-2.221e-16
1.69406597497241e-25
0
0
-2.221e-16
0
0.119664845495752
0.119664845495752
0.827763318477578
2.221e-16
-3.44811101672104e-27
-2.22100000027827e-16
78.4390181873175
78.4634819454625
77.0765525830597
75.189520070923
15.1010164319275
21.8761087251111
69.8502477172682
69.7469169609654
69.8502477172682
69.7105125881175
52.1771217271627
59.3845619300712
59.4605557532434
59.5371780502365
59.6144418217759
59.6924771369839
59.6930321489934
59.614988071021
59.5377178392226
59.4610892271119
1
-2.221e-16
0
0
0
2.221e-16
2.221e-16
-2.221e-16
2.221e-16
-2.22100000169407e-16
0
0
0
2.22100000084703e-16
0
0
2.221e-16
2.221e-16
-2.221e-16
0
-2.22100000084703e-16
2.221e-16
0.0808374619544694
0.0808374619544694
0.78210442692102
2.22099999998343e-16
-2.22100000005222e-16
-2.22100000004429e-16
76.5321310478707
73.4895423679171
76.8251892602968
74.6837318809648
16.9615409443255
17.3043463747382
66.8104665088315
66.6489950668893
66.8104665088315
66.6708282472021
47.2420328751904
54.1341324546607
54.3161517269336
54.501195666794
54.6893486925682
54.8808690004997
54.8817321312684
54.6901928079726
54.5020224792793
54.3169617234262
1
-2.6850385298238e-16
-2.221e-16
2.221e-16
2.221e-16
2.221e-16
-2.2067891452848e-16
0
2.221e-16
-8.47032987486207e-26
0
0
-2.22099999957648e-16
0
0
1.32351138373455e-27
-2.221e-16
0
-0.000134938777646501
2.221e-16
-2.221e-16
-2.221e-16
0.0301744418138584
0.0301744418138584
0.522677491412088
0.089249996472379
-9.73050637796986e-26
2.22099999995237e-16
72.3910330423922
69.855495382465
76.3127078533232
73.3869473615646
16.3260927032122
15.0936867460573
63.3011397036969
62.9606229626862
63.7518134482651
63.3853077886797
48.6639420214569
47.4027114034182
49.4654833654643
51.6511808447907
53.9541629459009
97.8004368455675
98.0001349387776
53.9618159318104
51.6584789736284
49.472418632642
1
2.04319084371238e-16
0
0
-2.221e-16
0
2.221e-16
-2.22100002710505e-16
0
-4.2351647362715e-26
0
-2.221e-16
0
-2.22099999915297e-16
-2.221e-16
1.32348898008484e-27
1.05879118406788e-26
-2.221e-16
-2.70173876738439e-06
2.221e-16
2.221e-16
-2.221e-16
-2.221e-16
0
0.754267466648898
2.50029052345973e-05
1.56268157719842e-05
-2.22100000003088e-16
70.0681184817887
66.8640953481854
75.4539572009269
71.7637041288622
15.0625613558329
13.4707613931854
54.4184917114226
58.4084863416633
60.5812339143402
58.7857392305346
41.4766454545754
40.5577788536474
49.4742832152932
51.660404743597
53.9803574729505
97.9999829454149
98.0000027017388
53.9803615538249
51.6604058359118
49.4742843027679
1
-4.53738609185184e-17
2.22100000084703e-16
0
1.05879118406788e-26
-2.221e-16
0
0
0
0
2.221e-16
-2.22099999978824e-16
0
-2.221e-16
0
0
0
-6.62995306079164e-07
-3.94180735040669e-06
0
-2.221e-16
2.221e-16
0
-3.8555576742677e-28
0.75426960961251
6.21067063751572e-06
3.88166914836404e-06
-5.64051145859219e-26
67.61369480696
64.1384414815929
74.3761915692209
70.2133302139154
13.6187547955933
11.980184065379
44.0649148560403
54.3140313770266
56.4986037485501
54.6491481857339
36.1179798054891
35.4485101075382
49.4756288221537
51.6620250877191
53.9997890649591
98.0000006629953
98.0000039418073
53.9997926515782
51.6620255096169
49.4756292768577
1
-2.58596955631293e-16
0
0
-2.221e-16
0
-2.221e-16
-2.221e-16
2.221e-16
0
-5.29395592033938e-27
1.05878938546501e-26
2.221e-16
-2.22100000169407e-16
-2.221e-16
2.221e-16
0
-2.75004956164341e-06
-6.01464731632204e-06
-2.221e-16
2.22100000001324e-16
0
2.221e-16
-2.221e-16
0.754273767928564
6.89052355269588e-06
4.30657722065702e-06
2.22099999921739e-16
65.1189289925349
61.4651623225128
73.183356912058
68.7379464421136
12.1023829364058
10.5012274316916
36.8427331615909
50.6243509732761
52.7957048909804
50.9219976507462
32.0867625103772
31.5989344755395
49.4770510152861
51.6638334981123
54.0204243899152
98.0000027500496
98.0000060146473
54.0204281912696
51.6638339532735
49.4770515193909
1
3.24933083413814e-16
-2.221e-16
2.22100000001324e-16
0
-2.221e-16
0
-2.71050541204444e-24
2.22099999661187e-16
-2.221e-16
2.11758370131068e-26
2.221e-16
-2.221e-16
-2.22100000338813e-16
2.221e-16
0
-2.221e-16
-2.22099999989411e-16
-2.48968439636076e-06
0
0
2.221e-16
2.221e-16
-2.22099999999951e-16
0.75428205659199
6.09817403327544e-06
-2.22100000085936e-16
2.22099999952599e-16
62.5985277381429
58.7301427863868
71.9357270159302
67.349795369771
10.5357909839422
8.99337245725937
31.7555072834741
47.2926410291284
49.4311331248385
47.5569816920435
29.0187430395117
28.6632155116679
49.4782771878955
51.6655315854121
54.041951290924
97.9999991998651
98.0000024896844
54.0419552514815
51.6655320208919
49.4782776858146
1
-5.46289240594005e-17
-2.22100000021176e-16
2.221e-16
0
2.22099999915297e-16
0
0.563504702125662
3.38813194994483e-25
0
2.22100000042352e-16
2.221e-16
-2.22100000338813e-16
-2.221e-16
2.221e-16
2.221e-16
0
0
-2.221e-16
2.221e-16
-1.32348898008484e-27
-2.221e-16
0
-2.22100000028191e-16
0.754284601170799
2.22100000099396e-16
2.22099999914041e-16
1.70683368872342e-26
60.0421003588162
55.8560350503481
70.6695015642347
66.0653346907197
8.91819941158564
7.43649529787434
28.1231712803978
44.2775905382188
46.3680802407951
44.5123371697541
26.6491870349139
26.3900353207357
49.4782447994818
51.6660389323113
54.0632194891853
97.9653280408469
97.9653252703801
54.063223402775
51.6660391567248
49.4782450971218
-2.221e-16
-2.221e-16
2.22100000002647e-16
2.22099999978824e-16
-2.22100000042352e-16
-2.22100000169407e-16
2.2352108547152e-16
-2.221e-16
-2.22100000169407e-16
-8.470329472543e-26
2.22099999915297e-16
-2.221e-16
0
-2.22100000169407e-16
-2.221e-16
-2.221e-16
2.221e-16
2.221e-16
1.05878938546501e-26
5.29395592033938e-27
2.221e-16
-2.64697346366253e-27
0
2.22099999971771e-16
0.754284656363946
0
2.22099999965429e-16
-2.10538265941149e-17
60.4160285595946
62.2648238470015
68.48955468198
64.036545130264
10.4557740477632
9.04513534855131
23.6773736149571
39.1131235965299
41.0733162080566
39.2983018251001
23.4283508230081
23.2907108207159
49.4781576412498
51.6666132839674
54.0857409809738
97.9297968403005
97.9297954532751
54.0857430486352
51.6666134013723
49.4781578045888
-2.221e-16
2.221e-16
-1.05879118406788e-26
-2.22099999978824e-16
-4.2351624722407e-26
-2.221e-16
2.221e-16
-2.22099998644747e-16
2.221e-16
0
2.22099999915297e-16
0
-3.3881317890172e-25
2.221e-16
-2.22100000002647e-16
2.221e-16
2.221e-16
-2.221e-16
-2.22099999994706e-16
5.29395592033938e-27
6.61755691867276e-28
-2.221e-16
0
-2.22100000028279e-16
0.754284656363946
2.221e-16
-2.2210000003458e-16
4.40036992778961e-16
62.1197661839354
64.7713718944996
67.0516758712821
63.2873108771349
11.7902776134343
10.2892542191434
21.0515084725005
34.819856092686
36.627428292574
34.9659277135253
21.234343470692
21.1611603297103
49.4780694105784
51.6672961440086
54.1105442575424
97.8929741211304
97.8929725964533
54.11054652803
51.667296270992
49.4780695880352
0
-2.221e-16
0
-2.221e-16
-2.221e-16
2.22099999915297e-16
0
-2.22099997289495e-16
-2.22100000338813e-16
0
-2.221e-16
0
-2.22100000338813e-16
-2.221e-16
2.221e-16
1.32348898008484e-27
-2.22099999994706e-16
2.22100000010588e-16
0
2.22100000005294e-16
2.22100000001324e-16
2.221e-16
2.221e-16
-4.24801597461515e-28
0.754284656363946
-2.221e-16
2.22099999965411e-16
2.22099999965407e-16
63.5636037565981
65.7375777645806
66.2468805083001
63.2169982975501
12.8825263695104
11.2807973234748
19.268320139327
31.2113674608711
32.8587799871232
31.3265922544343
19.5792488377639
19.540267148193
49.4779948421271
51.6680959065532
54.1377252891512
97.8544966441128
97.8544949628724
54.1377277709218
51.6680960438608
49.477995033153
2.221e-16
0
-2.22100000021176e-16
2.221e-16
0
-2.22100000169407e-16
7.10542735760121e-19
1.35525273067412e-24
-2.221e-16
-1.69406597497241e-25
-2.221e-16
-2.22100000169407e-16
0
2.221e-16
2.22099999997353e-16
2.22100000000662e-16
-2.221e-16
-2.22099999994706e-16
5.29395592033938e-27
2.221e-16
0
-2.22100000002647e-16
-2.221e-16
-2.221e-16
0.754284656363946
-2.221e-16
-2.22100000034598e-16
-2.22100000000538e-16
64.5555945943746
66.1070220102162
65.8517179518001
63.3978259283026
13.7602892673831
12.0726356320842
17.8809199385408
28.1442946393374
29.6334567518539
28.235188864758
18.2123805298092
18.1915420551594
49.477942536501
51.6690207079115
54.1673588515076
97.8142142779463
97.8142124305632
54.1673615512399
51.6690208562737
49.477942740846
0
-2.221e-16
-4.2351624722407e-26
-2.22100000042352e-16
-2.221e-16
0
0
1.35525273067412e-24
2.221e-16
0
2.22099999830593e-16
-2.22100000169407e-16
2.22099999661187e-16
0
2.22099999997353e-16
2.221e-16
0
5.29394692732506e-27
5.29395592033938e-27
0
0
-2.64697346366253e-27
0
2.221e-16
0.754284656363946
-2.22100000000449e-16
-3.4607396372155e-26
-1.33894347519294e-27
65.1901492238269
66.2408355346624
65.6801527367558
63.6454344570096
14.4558610149957
12.699281652095
16.6904142933266
25.5092790400371
26.8477793527427
25.5809824932951
17.0091688824482
16.9979552150102
49.4779153898848
51.6700754603063
54.1994306839333
97.7721183320759
97.7721163186238
54.1994336004326
51.6700756201644
49.4779156071751
-2.22099999941303e-16
2.221e-16
-2.22100000042352e-16
-2.22100000084703e-16
0
2.22099999830593e-16
2.2245527136788e-16
1.35525271560688e-24
-2.221e-16
-3.38813194994483e-25
-2.221e-16
-3.38813194994483e-25
2.221e-16
0
0
-2.22099999999338e-16
5.29394692732506e-27
-2.221e-16
-2.22099999994706e-16
2.221e-16
-2.22099999998676e-16
2.221e-16
0
2.22099999971349e-16
0.754284656363946
-1.97215226305253e-31
-2.22100000034617e-16
2.22099999965382e-16
65.5793232124445
66.272297547976
65.6140993246654
63.8977659381253
14.9971181421287
13.1866704872531
15.6132574283114
23.2236958308946
24.4221889481277
23.2802620819299
15.9116838048985
15.9055755700379
49.4779094478729
51.6712579617064
54.2337576406403
97.7283728045571
97.7283706393013
54.2337607577783
51.6712581328605
49.4779096772552
2.221e-16
0
-4.2351647362715e-26
-2.22100000084703e-16
-2.22100000084703e-16
-2.22100000169407e-16
-2.2174472863212e-16
2.221e-16
2.221e-16
-2.22100000338813e-16
0
2.22099999661187e-16
-6.77626340685159e-25
2.221e-16
-2.64697346366253e-27
-2.22099999999338e-16
5.29395592033938e-27
-2.22099999994706e-16
-2.22099999989412e-16
-2.221e-16
-2.22099999999338e-16
2.221e-16
0
-2.22100000003207e-16
0.754284656363946
9.16790564789082e-26
-3.46258168395119e-26
-2.22100000000539e-16
65.8054924290946
66.2501491652093
65.5875783286072
64.1383664464315
15.4075167296387
13.5559310941728
14.6193766340174
21.2258687860939
22.2963035494124
21.2704945890414
14.8970341784106
14.8936335312347
49.4779132577666
51.6725561462242
54.2699443074046
97.6833319793663
97.6833296929175
54.269947590283
51.6725563275837
49.4779134977195
-3.00265112430405e-26
0
-4.2351624722407e-26
0
-8.47032987486207e-26
2.22099999830593e-16
2.22144408920985e-16
-2.221e-16
2.22099999322374e-16
-2.22100000338813e-16
-3.38813194994483e-25
-3.3881317890172e-25
-2.221e-16
-2.22100000677626e-16
2.22099999994706e-16
0
-2.22099999994706e-16
-2.221e-16
1.05878938546501e-26
2.22100000005294e-16
2.22100000000662e-16
-5.29394692732506e-27
2.221e-16
-2.22099999989301e-16
0.754284656363946
-2.22100000000387e-16
-2.22100000034635e-16
-3.46361850094289e-26
65.9234978714015
66.1941809718394
65.5670606880991
64.3620718550824
15.7073690512012
13.8253462778641
13.7031524263721
19.4704612624279
20.4249180754923
19.5056680079553
13.9604836586067
13.9585185190549
49.4779101186619
51.6739493446912
54.3074339802892
97.6374763184636
97.6374739524605
54.3074373797434
51.6739495343879
49.4779103671279
2.221e-16
-2.221e-16
0
-2.221e-16
0
2.22099999830593e-16
-2.221e-16
1.35525271560688e-24
2.221e-16
-3.38813194994483e-25
-2.22100000338813e-16
-3.38813194994483e-25
2.221e-16
-6.77626340685159e-25
0
2.22100000000662e-16
2.221e-16
2.22100000005294e-16
-2.22099999994706e-16
5.29394692732506e-27
6.61744490042422e-28
-2.22100000002647e-16
-2.221e-16
-2.22099999900001e-16
0.754284656363946
2.22100000002557e-16
2.22099999965356e-16
-5.3893990968568e-28
65.9690464782646
66.1175807185526
65.5327398419673
64.5611602725388
15.9146445052904
14.0112682653077
12.8696779067887
17.9247298299764
18.7746948642023
17.9525057917221
13.1063029422646
13.1050983847237
49.4778833522496
51.6754141526907
54.3456525065997
97.5912692930198
97.5912668875543
54.3456559719087
51.6754143486091
49.4778836070697
2.221e-16
0
-2.22100000084703e-16
-2.22100000084703e-16
0
-1.6940658945086e-25
2.2227763568394e-16
0
0
-6.77626340685159e-25
-2.22099999661187e-16
-6.77626340685159e-25
-2.22100001355253e-16
-1.35525273067412e-24
-2.22100000002647e-16
2.221e-16
-2.22099999994706e-16
-2.221e-16
2.22100000005294e-16
2.221e-16
2.22100000000662e-16
0
-2.221e-16
2.22099999971841e-16
0.754284656363946
0
2.22099999965347e-16
-2.22100000000539e-16
65.9297644798591
65.9553371506918
65.4234187534905
64.6696773126146
16.0501677241648
14.1956981904844
12.128301022199
16.5656137447942
17.3215634495512
16.5875275764563
12.3429001717488
12.3420982637367
49.4778175929207
51.6769259040033
54.3840435305374
97.5449668228833
97.544964386273
54.3840470125193
51.6769261039154
49.4778178519393
0
-2.221e-16
2.22099999915297e-16
-8.470329472543e-26
-2.221e-16
-2.22100000169407e-16
0
-2.221e-16
-1.35525273067412e-24
-2.221e-16
-6.7762635780344e-25
2.22099999322374e-16
-2.221e-16
2.221e-16
-2.221e-16
2.22100000001324e-16
-2.221e-16
2.22100000005294e-16
5.29394692732506e-27
-2.22099999994706e-16
-2.221e-16
2.221e-16
-2.221e-16
-2.22100000028689e-16
0.754284656363946
-2.95160196297494e-26
2.2210000000337e-16
-2.22100000000539e-16
65.8721534376395
65.8198415658094
65.3380083539634
64.7439694167999
16.1295379120099
14.2986288795148
11.4894027961201
15.3772841677438
16.0484845763834
15.3945733290238
11.6800304303653
11.679441372637
49.4777083543211
51.6784722345078
54.4223431727409
97.4986227302485
97.4986202878172
54.4223466480665
51.6784724372975
49.4777086162317
0
2.221e-16
-8.470329472543e-26
2.221e-16
0
2.22099999830593e-16
-2.1925782905696e-16
2.22099998644747e-16
0
2.221e-16
-2.22100000677626e-16
-6.7762635780344e-25
2.221e-16
-1.35525271560688e-24
2.221e-16
6.61755691867276e-28
2.22100000005294e-16
-2.22099999989412e-16
-2.22099999989412e-16
5.29394692732506e-27
2.22100000000662e-16
-2.22100000002647e-16
-2.221e-16
2.22099999971267e-16
0.754284656363946
-2.95223305169911e-26
-2.22099940787375e-16
-2.22100000000539e-16
65.8031182092634
65.7038344127246
65.2683868553464
64.7930034149831
16.1601152170546
14.3248918814918
10.9628431886606
14.349233846054
14.9436870744019
14.3628746758303
11.1272838790884
11.126807085641
49.4775609179653
51.6800530245251
54.4605514282113
97.4522635202123
97.4522610737925
54.4605548968783
51.6800532301812
49.4775611822208
-2.221e-16
0
2.221e-16
-2.22100000084703e-16
2.22099999830593e-16
-2.22100000169407e-16
-2.16415658113919e-16
0
-1.35525271560688e-24
-2.22100000677626e-16
2.221e-16
-6.77626340685159e-25
0
-2.22100001355253e-16
-2.22100000002647e-16
2.22100000000662e-16
-2.221e-16
2.221e-16
-2.221e-16
2.22100000005294e-16
2.221e-16
-2.221e-16
0
-2.87776458224625e-26
0.754284656363946
2.22100000000122e-16
-2.2209999999662e-16
-5.39531555364596e-28
65.7274044095163
65.6020777035278
65.2091003356966
64.8231500793113
16.1674186640573
14.3310876174205
10.5571307921695
13.4747173003126
13.9992050540751
13.4854802227907
10.6931886325353
10.6927708512685
49.4773810916604
51.6816681548497
54.4986683742171
97.4059058289345
97.4059033797026
54.4986718362283
51.6816683633612
49.477381357669
